INITIAL CONFIGURATION                                                           
         2         1         1   1.0000000000000003E-10
   1.0000000000000000E+02   0.0000000000000000E+00   0.0000000000000000E+00
   0.0000000000000000E+00   1.0000000000000000E+02   0.0000000000000000E+00
   0.0000000000000000E+00   0.0000000000000000E+00   1.0000000000000000E+02
nc               1
  -8.1297600000000025E-01  -1.4329720000000015E+00   1.1801379999999928E+00
  -2.2690707774274931E-06  -1.6288328110093962E-05  -7.0299183139029806E-05
   8.5606911212701725E+03  -1.3372565373934352E+04  -8.6099698916792786E+03
nc               2
  -1.9122289999999986E+00  -2.4560050000000078E+00   2.7644279999999970E+00
   1.3494262941878181E-05  -7.6337116439224837E-05  -3.3208439612188514E-05
  -5.6613449347710584E+03  -2.2922343256099728E+04   1.1887799651874184E+04
cc               3
  -1.6434679999999815E+00  -1.2688099999999956E+00   2.2057480000000078E+00
   1.8398573253593987E-04   4.3786879661439567E-05   8.1024240765034078E-05
   6.2215760142896977E+02  -4.8372636945664117E+03   3.2423147414047509E+02
c                4
  -2.2083899999999939E+00  -3.8000000000359042E-05   2.7051419999999999E+00
   6.1908476284919535E-05  -3.6146122797745391E-06  -3.6990981471509959E-07
   8.3722308604896862E+03  -5.8098460137063830E+03  -1.0251682881573290E+04
cd               5
  -1.2396989999999994E+00  -3.4218939999999916E+00   2.0880120000000102E+00
   6.3289522661198858E-06   8.2523729654052885E-05   1.0075289218303013E-04
  -1.6928321907881971E+04   1.4105260892746352E+04   1.8554107243191269E+04
h4               6
  -1.2957619999999819E+00  -4.4648780000000121E+00   2.3489010000000112E+00
   1.8219601765006707E-04  -1.2286670026636409E-04   1.1136243599375500E-04
  -7.3896237875227609E+02  -1.4455205251087245E+03   1.3054899812759943E+03
hc               7
  -1.9046659999999889E+00   9.0874300000000352E-01   2.1523029999999674E+00
   1.1079184299990631E-04   3.5173191247704668E-05  -3.2307229817260649E-04
   7.6496645894141864E+01   1.6398756063681615E+03  -4.4608600779475927E+02
o                8
  -2.9444979999999985E+00   2.8369000000003357E-02   3.6462939999999957E+00
   1.4509886636893334E-05   3.3584857039559684E-05  -4.6173808284333616E-05
  -6.7602728663518155E+03   2.6009574921912213E+03   9.1647912178642873E+03
cd               9
  -5.5467299999999975E-01  -2.7757310000000066E+00   1.0996090000000107E+00
   1.9625965539604779E-06  -6.8200593897985889E-05   1.0745791480153067E-04
   8.2880906670077384E+03   2.8439766117909283E+04  -1.4626470362599248E+04
h4              10
   1.0477500000002328E-01  -3.1943140000000239E+00   3.5867899999999026E-01
   2.3296474227933129E-04  -2.4119862405126653E-04  -9.7786010749734411E-05
   1.0160988625713045E+03   1.5910344954754073E+03  -2.3794752794115057E+03
hn              11
  -4.7113843000000510E-01  -6.7416454999998732E-01   6.0543086999995543E-01
  -5.0916122386001925E-05   1.2682864328677443E-04  -4.4532761948027564E-04
   3.5813675300291252E+03   6.0140853641174417E+01  -4.2790678042452328E+03
nc              12
  -8.1297600000000170E-01  -1.4329719999999924E+00   6.1801380000000030E+00
  -1.6862461625600019E-05   7.4646481700472387E-05   2.9595208957262430E-05
   8.9990463082870810E+03  -1.3428397402288014E+04  -8.6255752300146596E+03
nc              13
  -1.9122290000000020E+00  -2.4560050000000144E+00   7.7644279999999908E+00
  -1.9272625146218186E-05  -1.4396672646892271E-04  -9.1316309606062865E-05
  -5.8070280297418767E+03  -2.3085682546806784E+04   1.1903714008239820E+04
cc              14
  -1.6434679999999879E+00  -1.2688100000000004E+00   7.2057479999999998E+00
   1.2069858107859833E-04  -3.7509193281464839E-06  -1.4850137266928283E-06
   5.1924749940089589E+02  -4.7372730371120697E+03  -8.7437196840630762E+01
c               15
  -2.2083900000000130E+00  -3.8000000008326519E-05   7.7051420000000084E+00
  -1.2844319705773924E-04  -8.3289351291262296E-05   8.3005607644688698E-05
   8.3798681324224090E+03  -5.8132516412434716E+03  -1.0564805341534829E+04
cd              16
  -1.2396990000000034E+00  -3.4218939999999964E+00   7.0880120000000018E+00
  -3.2678280774753946E-05   3.6263268324973055E-05   1.7306840755670670E-05
  -1.6948956311229271E+04   1.4101658402498713E+04   1.8379487663138261E+04
h4              17
  -1.2957619999999783E+00  -4.4648780000000432E+00   7.3489009999999499E+00
   2.1679069612221829E-04  -4.3521123830356836E-04  -5.0063903335500299E-04
  -7.2177001030092833E+02  -1.3439910360619408E+03   1.3094063393884730E+03
hc              18
  -1.9046659999999831E+00   9.0874300000005381E-01   7.1523030000000150E+00
   1.6844458234064141E-04   5.3821478831268257E-04   1.4948990512922110E-04
   2.4400183315483837E+01   1.5481725193094526E+03  -5.4500996165258050E+02
o               19
  -2.9444980000000243E+00   2.8368999999997809E-02   8.6462940000000028E+00
  -2.4270374022349671E-04  -2.1890780603260896E-05   4.4033602942106294E-05
  -7.1619838929967373E+03   2.5631515422643806E+03   9.0645673760298050E+03
cd              20
  -5.5467299999998820E-01  -2.7757309999999973E+00   6.0996089999999796E+00
   1.1761583176250770E-04   2.5971505821967966E-05  -2.0096138684074736E-04
   8.2739196343232888E+03   2.8467219018854892E+04  -1.4750297976222140E+04
h4              21
   1.0477500000000972E-01  -3.1943139999999737E+00   5.3586789999999995E+00
   9.7338756245120273E-05   2.6416861153986796E-04  -1.1383069380936190E-05
   8.1190788159642580E+02   1.7223587806093731E+03  -2.4198101648377756E+03
hn              22
  -4.7113842999999128E-01  -6.7416454999999020E-01   5.6054308699999638E+00
   8.7577531280294286E-05   9.7142521037518292E-05  -3.6713133911869312E-04
   3.2031174039892167E+03  -4.3461194940512826E+01  -4.3079068567366476E+03
