timestep         1        22         0         1    0.000000
   100.0       0.000       0.000    
   0.000       100.0       0.000    
   0.000       0.000       100.0    
nc               1    0.000000    0.000000
 -8.1298E-01 -1.4330E+00  1.1801E+00
nc               2    0.000000    0.000000
 -1.9122E+00 -2.4560E+00  2.7644E+00
cc               3    0.000000    0.000000
 -1.6435E+00 -1.2688E+00  2.2057E+00
c                4    0.000000    0.000000
 -2.2084E+00 -3.8000E-05  2.7051E+00
cd               5    0.000000    0.000000
 -1.2397E+00 -3.4219E+00  2.0880E+00
h4               6    0.000000    0.000000
 -1.2958E+00 -4.4649E+00  2.3489E+00
hc               7    0.000000    0.000000
 -1.9047E+00  9.0874E-01  2.1523E+00
o                8    0.000000    0.000000
 -2.9445E+00  2.8369E-02  3.6463E+00
cd               9    0.000000    0.000000
 -5.5467E-01 -2.7757E+00  1.0996E+00
h4              10    0.000000    0.000000
  1.0478E-01 -3.1943E+00  3.5868E-01
hn              11    0.000000    0.000000
 -4.7114E-01 -6.7416E-01  6.0543E-01
nc              12    0.000000    0.000000
 -8.1298E-01 -1.4330E+00  6.1801E+00
nc              13    0.000000    0.000000
 -1.9122E+00 -2.4560E+00  7.7644E+00
cc              14    0.000000    0.000000
 -1.6435E+00 -1.2688E+00  7.2057E+00
c               15    0.000000    0.000000
 -2.2084E+00 -3.8000E-05  7.7051E+00
cd              16    0.000000    0.000000
 -1.2397E+00 -3.4219E+00  7.0880E+00
h4              17    0.000000    0.000000
 -1.2958E+00 -4.4649E+00  7.3489E+00
hc              18    0.000000    0.000000
 -1.9047E+00  9.0874E-01  7.1523E+00
o               19    0.000000    0.000000
 -2.9445E+00  2.8369E-02  8.6463E+00
cd              20    0.000000    0.000000
 -5.5467E-01 -2.7757E+00  6.0996E+00
h4              21    0.000000    0.000000
  1.0478E-01 -3.1943E+00  5.3587E+00
hn              22    0.000000    0.000000
 -4.7114E-01 -6.7416E-01  5.6054E+00
