INITIAL CONFIGURATION                                                           
 ENERGY UNITS = kcal/mol 
         1  1.000000E-10        44
  2.927981E+01  0.000000E+00  2.927981E+01 -3.202639E+00 -2.362710E+00
  1.096410E+01  2.386146E+01  1.959465E-02  0.000000E+00  6.915621E+01
  0.000000E+00 -1.196292E+02  1.131208E+01  2.362710E+00 -1.333040E+02
  0.000000E+00  0.000000E+00  0.000000E+00  1.000000E+06  0.000000E+00
  0.000000E+00  0.000000E+00  9.000000E+01  9.000000E+01  9.000000E+01
  0.000000E+00  2.734264E-03  1.801747E-28  1.734614E-28  1.806605E-28
  2.952866E-28  1.489855E-27  3.717403E-27  8.410664E-29  1.687944E-27
  6.765785E-03  1.103148E-02 -1.098457E-02  1.103148E-02 -1.409828E-02
 -1.144126E-02 -1.098457E-02 -1.144126E-02  1.553528E-02
