INITIAL CONFIGURATION                                                           
         0         1    0   0.0000000000               
   1.0000000000000000E+02   0.0000000000000000E+00   0.0000000000000000E+00
   0.0000000000000000E+00   1.0000000000000000E+02   0.0000000000000000E+00
   0.0000000000000000E+00   0.0000000000000000E+00   1.0000000000000000E+02
 nc   1 
            -0.81297600   -1.43297200    1.18013800
 nc   2  
            -1.91222900   -2.45600500    2.76442800
 cc   3  
           -1.64346800   -1.26881000    2.20574800
 c    4   
          -2.20839000   -0.00003800    2.70514200
 cd   5  
           -1.23969900   -3.42189400    2.08801200
 h4   6    
         -1.29576200   -4.46487800    2.34890100
 hc   7  
           -1.90466600    0.90874300    2.15230300
 o    8  
           -2.94449800    0.02836900    3.64629400
 cd   9  
           -0.55467300   -2.77573100    1.09960900
 h4   10 
             0.10477500   -3.19431400    0.35867900
 hn   11 
            -0.47113843   -0.67416455    0.60543087
 nc   12
            -0.81297600   -1.43297200    6.18013800
 nc   13 
            -1.91222900   -2.45600500    7.76442800
 cc   14 
           -1.64346800   -1.26881000    7.20574800
 c    15  
          -2.20839000   -0.00003800    7.70514200
 cd   16 
           -1.23969900   -3.42189400    7.08801200
 h4   17   
         -1.29576200   -4.46487800    7.34890100
 hc   18 
           -1.90466600    0.90874300    7.15230300
 o    19 
           -2.94449800    0.02836900    8.64629400
 cd   20 
           -0.55467300   -2.77573100    6.09960900
 h4   21 
             0.10477500   -3.19431400    5.35867900
 hn   22 
            -0.47113843   -0.67416455    5.60543087
