MOF   
UNITS kcal
MOLECULAR TYPES 1
ZIF90
NUMMOLS 2
ATOMS          11
nc       14.00670000    -0.27740000       1.0 0.0 1
nc       14.00670000    -0.27740000       1.0 0.0 1
cc       12.01070000     0.21990000       1.0 0.0 1
c        12.01070000     0.20990000       1.0 0.0 1
cd       12.01070000    -0.00600000       1.0 0.0 1
h4        1.00790000     0.11515000       1.0 0.0 1
hc        1.00790000     0.09600000       1.0 0.0 1
o        15.99940000    -0.34500000       1.0 0.0 1
cd       12.01070000    -0.00600000       1.0 0.0 1
h4        1.00790000     0.11515000       1.0 0.0 1
hn        1.00790000     0.15570000       1.0 0.0 1
BONDS          11
harm       1     3     882.200000       1.369000       0.000000       0.000000
harm       2     3     882.200000       1.369000       0.000000       0.000000
harm       1     9    1050.800000       1.317000       0.000000       0.000000
harm       2     5    1050.800000       1.317000       0.000000       0.000000
harm       1    11     771.200000       1.023000       0.000000       0.000000
harm       3     4     742.000000       1.468000       0.000000       0.000000
harm       4     7     621.400000       1.112000       0.000000       0.000000
harm       4     8    1275.400000       1.218000       0.000000       0.000000
harm       5     6     704.000000       1.082000       0.000000       0.000000
harm       9    10     704.000000       1.082000       0.000000       0.000000
harm       5     9     839.600000       1.428000       0.000000       0.000000
ANGLES         16
harm       1     3     2     139.600000     125.700000       0.000000       0.000000
harm       4     3     1     132.400000     123.300000       0.000000       0.000000
harm       4     3     2     132.400000     123.300000       0.000000       0.000000
harm       9     5     2     143.200000     112.600000       0.000000       0.000000
harm       5     9     1     143.200000     112.600000       0.000000       0.000000
harm       6     5     2     104.200000     118.500000       0.000000       0.000000
harm      10     9     1     104.200000     118.500000       0.000000       0.000000
harm       3     1     9     143.600000     105.500000       0.000000       0.000000
harm       3     2     5     143.600000     105.500000       0.000000       0.000000
harm       3     1    11     101.800000     116.100000       0.000000       0.000000
harm       3     4     7      94.200000     114.800000       0.000000       0.000000
harm       3     4     8     138.200000     123.900000       0.000000       0.000000
harm       9     5     6      91.800000     128.000000       0.000000       0.000000
harm       5     9    10      91.800000     128.000000       0.000000       0.000000
harm       7     4     8     108.200000     121.900000       0.000000       0.000000
harm       9     1    11     101.800000     116.100000       0.000000       0.000000
DIHEDRALS      24
cos        7     4     3     1       2.875000     180.000000       2    0.000000    0.000000
cos        7     4     3     2       2.875000     180.000000       2    0.000000    0.000000
cos        8     4     3     1       2.875000     180.000000       2    0.000000    0.000000
cos        8     4     3     2       2.875000     180.000000       2    0.000000    0.000000
cos        1     9     5     2       4.000000     180.000000       2    0.000000    0.000000
cos        6     5     9     1       4.000000     180.000000       2    0.000000    0.000000
cos       10     9     5     2       4.000000     180.000000       2    0.000000    0.000000
cos        9     5     2     3       4.750000     180.000000       2    0.000000    0.000000
cos        5     9     1     3       4.750000     180.000000       2    0.000000    0.000000
cos        6     5     2     3       4.750000     180.000000       2    0.000000    0.000000
cos       10     9     1     3       4.750000     180.000000       2    0.000000    0.000000
cos        2     3     1     9       4.750000     180.000000       2    0.000000    0.000000
cos        1     3     2     5       4.750000     180.000000       2    0.000000    0.000000
cos        4     3     1     9       4.750000     180.000000       2    0.000000    0.000000
cos        4     3     2     5       4.750000     180.000000       2    0.000000    0.000000
cos        6     5     9    10       4.000000     180.000000       2    0.000000    0.000000
cos        2     3     1    11       4.750000     180.000000       2    0.000000    0.000000
cos        4     3     1    11       4.750000     180.000000       2    0.000000    0.000000
cos        5     9     1    11       4.750000     180.000000       2    0.000000    0.000000
cos       10     9     1    11       4.750000     180.000000       2    0.000000    0.000000
cos        3     4     1     2       1.100000     180.000000       2    0.000000    0.000000
cos        4     3     7     8      10.500000     180.000000       2    0.000000    0.000000
cos        5     9     6     2       1.100000     180.000000       2    0.000000    0.000000
cos        9     5    10     1       1.100000     180.000000       2    0.000000    0.000000
INVERSIONS     0
FINISH
VDW            36
nc      nc        lj      0.170100    3.250000
nc      cc        lj      0.120984    3.325000
nc      c         lj      0.120984    3.325000
nc      cd        lj      0.120984    3.325000
nc      h4        lj      0.050529    2.880000
nc      hc        lj      0.050529    2.880000
nc      o         lj      0.189000    3.286200
nc      hn        lj      0.050529    2.880000
cc      cc        lj      0.086050    3.400000
cc      c         lj      0.086050    3.400000
cc      cd        lj      0.086050    3.400000
cc      h4        lj      0.035939    2.955000
cc      hc        lj      0.035939    2.955000
cc      o         lj      0.134427    3.361200
cc      hn        lj      0.035939    2.955000
c       c         lj      0.086050    3.400000
c       cd        lj      0.086050    3.400000
c       h4        lj      0.035939    2.955000
c       hc        lj      0.035939    2.955000
c       o         lj      0.134427    3.361200
c       hn        lj      0.035939    2.955000
cd      cd        lj      0.086050    3.400000
cd      h4        lj      0.035939    2.955000
cd      hc        lj      0.035939    2.955000
cd      o         lj      0.134427    3.361200
cd      hn        lj      0.035939    2.955000
h4      h4        lj      0.015010    2.510000
h4      hc        lj      0.015010    2.510000
h4      o         lj      0.056144    2.916200
h4      hn        lj      0.015010    2.510000
hc      hc        lj      0.015010    2.510000
hc      o         lj      0.056144    2.916200
hc      hn        lj      0.015010    2.510000
o       o         lj      0.210000    3.322400
o       hn        lj      0.056144    2.916200
hn      hn        lj      0.015010    2.510000
CLOSE
