Energy= -1.1252698957e+01
Energy= -11.2527
     -2.26706726e+00      9.24700828e+00     -5.32419198e+00
      7.80024009e+00     -1.73041347e+01      1.29876686e+01
     -4.83741170e+00      9.23379867e+00     -6.74246621e+00
     -1.72301672e+00      5.82714380e+00      2.00608945e+00
      5.88268316e+00     -1.93007383e+01      2.34889844e+00
     -5.34412126e+00      1.28768149e+01     -1.96783107e+00
      1.79307879e+00      1.90959314e+00      6.27316954e+00
     -2.61535326e+00     -1.54587620e+00     -2.06927450e+00
      8.77239137e-01      6.86671308e-01     -3.71574441e+00
     -2.68276754e+00     -8.44244002e-01     -1.18668390e+01
     -8.29317938e-01      3.46927515e+00      5.48593730e+00
      3.94581449e+00     -4.25531206e+00      2.58458387e+00
 1B Energy [kcal/mol] 7.841958776869858e-01
 1B Virial [kcal/mol] -2.398433379110484e+01 , 3.438457732828913e+01 , -1.374930085368037e+01 , 3.438457732828913e+01 , -8.325403842481478e+01 , 2.672726241857109e+01 , -1.374930085368037e+01 , 2.672726241857109e+01 , -2.547342028096546e+01
 2B Energy [kcal/mol] 6.324358678502350e+00
 2B Virial [kcal/mol] 2.526176810786622e+01 , -2.492207412721207e+01 , -3.745260581687095e-01 , -2.492207412721207e+01 , 3.866592710138105e+01 , 5.096855535273527e-01 , -3.745260581687095e-01 , 5.096855535273527e-01 , 2.532959826039388e+00
 3B Energy [kcal/mol] 0.000000000000000e+00
 3B Virial [kcal/mol] 0.000000000000000e+00 , 0.000000000000000e+00 , 0.000000000000000e+00 , 0.000000000000000e+00 , 0.000000000000000e+00 , 0.000000000000000e+00 , 0.000000000000000e+00 , 0.000000000000000e+00 , 0.000000000000000e+00
 Elec Energy [kcal/mol] -1.717520959576414e+01
 Elec Virial [kcal/mol] -1.595234531631118e+01 , 6.935348633065073e+00 , -3.295334033232777e-01 , 6.935348633065073e+00 , -1.107909776314934e+01 , -9.015715204289963e+00 , -3.295334033232777e-01 , -9.015715204289963e+00 , -1.741342402617406e+01
 Disp Energy [kcal/mol] -8.438063281655555e+00
 Disp Virial [kcal/mol] -1.701365555350557e+01 , 4.612458552133948e+00 , -1.824102740808959e+00 , 4.612458552133948e+00 , -1.773421195769709e+01 , 1.203072788890920e+00 , -1.824102740808959e+00 , 1.203072788890920e+00 , -1.258061807449325e+01
 Buck Energy [kcal/mol] 7.252019364240065e+00
 Buck Virial [kcal/mol] 1.916634878455823e+01 , 5.249190650515957e+00 , 3.704898579370618e+00 , 5.249190650515957e+00 , 1.398849543147676e+01 , 2.093365292659985e+00 , 3.704898579370618e+00 , 2.093365292659985e+00 , 3.824649113914791e+01
 Total Energy [kcal/mol] -1.125269895699029e+01
 Total Virial [kcal/mol] -1.252221776849714e+01 , 2.625950103679203e+01 , -1.257256447661070e+01 , 2.625950103679203e+01 , -5.941292561280339e+01 , 2.151767084935939e+01 , -1.257256447661070e+01 , 2.151767084935939e+01 , -1.468801141644548e+01
