INITIAL CONFIGURATION                                                           
         0         1    0   0.0000000000               
   3.0000000000000000E+01   0.0000000000000000E+00   0.0000000000000000E+00
   0.0000000000000000E+00   3.0000000000000000E+01   0.0000000000000000E+00
   0.0000000000000000E+00   0.0000000000000000E+00   3.0000000000000000E+01
nc    1
     -8.700415 -9.260536 5.743901
nc    2
     -9.414623 -7.210027 5.968067
cc    3
     -8.686787 -8.041876 5.211713
c    4
     -7.988927 -7.609053 3.985348
cd    5
     -9.916656 -7.901463 7.022892
h4    6
     -10.538461 -7.448380 7.775949
hc    7
     -7.422208 -8.397005 3.454573
o    8
     -8.041583 -6.477968 3.602853
cd    9
     -9.466291 -9.181915 6.876800
h4    10
     -9.638743 -10.029247 7.518165
hn    11
     -8.218760 -10.054935 5.344066
nc    12
     3.900655 2.735252 7.964285
nc    13
     3.010420 4.389889 6.853164
cc    14
     3.776513 3.294902 6.764317
c    15
     4.373705 2.833477 5.495947
cd    16
     2.624057 4.551842 8.144393
h4    17
     1.998412 5.365425 8.469466
hc    18
     4.985916 1.914486 5.562396
o    19
     4.198689 3.424194 4.471813
cd    20
     3.184036 3.514718 8.833250
h4    21
     3.120810 3.298991 9.886115
hn    22
     4.434917 1.894866 8.141044
nc    23
     -13.009959 -3.497518 5.924400
nc    24
     -12.991338 -5.359021 7.064306
cc    25
     -13.000877 -4.022246 7.146333
c    26
     -12.992597 -3.296535 8.431474
cd    27
     -12.993128 -5.718613 5.755311
h4    28
     -12.987569 -6.745277 5.431350
hc    29
     -13.001459 -2.192833 8.357145
o    30
     -12.977289 -3.876642 9.476305
cd    31
     -13.004490 -4.550658 5.048573
h4    32
     -12.997293 -4.414580 3.980635
hn    33
     -13.019004 -2.503368 5.738620
nc    34
     3.983966 0.498035 -9.529323
nc    35
     6.082675 1.095498 -9.587522
cc    36
     4.820407 1.530880 -9.483067
c    37
     4.472068 2.958738 -9.348180
cd    38
     6.072298 -0.256747 -9.706276
h4    39
     6.970820 -0.841664 -9.804003
hc    40
     3.391279 3.181827 -9.271441
o    41
     5.313288 3.807405 -9.324873
cd    42
     4.757803 -0.623457 -9.669456
h4    43
     4.336139 -1.611050 -9.746394
hn    44
     2.978174 0.584877 -9.467915
nc    45
     -11.867105 -7.625787 -8.811420
nc    46
     -11.833342 -7.386223 -6.641997
cc    47
     -12.173659 -6.813649 -7.803949
c    48
     -12.786389 -5.473682 -7.889750
cd    49
     -11.289127 -8.603784 -6.895278
h4    50
     -10.936767 -9.259563 -6.117577
hc    51
     -13.017863 -5.118547 -8.911543
o    52
     -13.011924 -4.826136 -6.910849
cd    53
     -11.313024 -8.746973 -8.252722
h4    54
     -10.958375 -9.573216 -8.844842
hn    55
     -12.034404 -7.404380 -9.784004
nc    56
     12.985164 10.428079 -1.808887
nc    57
     12.981825 9.791532 -3.896882
cc    58
     12.972659 10.846091 -3.071286
c    59
     12.943578 12.241455 -3.551315
cd    60
     12.999693 8.654120 -3.156105
h4    61
     13.010739 7.671096 -3.594925
hc    62
     12.938216 13.017916 -2.763380
o    63
     12.927116 12.500444 -4.717969
cd    64
     13.001393 9.059119 -1.852379
h4    65
     13.001531 8.452282 -0.963104
hn    66
     12.982416 11.048651 -1.010255
nc    67
     -4.982208 2.295720 11.350912
nc    68
     -6.485304 2.725758 12.874295
cc    69
     -5.483803 3.236226 12.146143
c    70
     -5.042140 4.639841 12.260649
cd    71
     -6.642674 1.417437 12.548247
h4    72
     -7.389693 0.788159 13.001009
hc    73
     -4.203215 4.932178 11.601477
o    74
     -5.565966 5.399502 13.020222
cd    75
     -5.700141 1.155250 11.596082
h4    76
     -5.496882 0.224855 11.093975
hn    77
     -4.216635 2.451084 10.708503
nc    78
     -8.109519 10.648275 2.005186
nc    79
     -7.912713 12.822256 2.005162
cc    80
     -8.469930 11.771001 2.620110
c    81
     -9.351837 11.903373 3.796133
cd    82
     -7.169434 12.376489 0.960363
h4    83
     -6.620453 13.036062 0.310283
hc    84
     -9.745997 10.954949 4.207097
o    85
     -9.614181 12.971831 4.263040
cd    86
     -7.297053 11.017295 0.965989
h4    87
     -6.866919 10.301928 0.286065
hn    88
     -8.409240 9.726666 2.294556
nc    89
     12.999188 8.765353 5.468317
nc    90
     12.994040 10.820885 4.733682
cc    91
     12.995244 9.529187 4.379702
c    92
     13.000640 9.082059 2.973160
cd    93
     12.998401 10.904846 6.088565
h4    94
     12.997543 11.843448 6.615866
hc    95
     13.001644 7.986483 2.819945
o    96
     13.003695 9.863900 2.069199
cd    97
     13.001892 9.616889 6.541204
h4    98
     13.017743 9.265140 7.558594
hn    99
     12.999865 7.754186 5.446625
nc    100
     5.760404 -7.862212 7.856740
nc    101
     5.536411 -7.702051 10.022174
cc    102
     5.415851 -7.054911 8.855785
c    103
     4.970489 -5.651158 8.758620
cd    104
     5.972029 -8.964862 9.780673
h4    105
     6.145543 -9.682923 10.563809
hc    106
     4.914975 -5.237185 7.734264
o    107
     4.691424 -5.015617 9.731575
cd    108
     6.110192 -9.058096 8.425702
h4    109
     6.446293 -9.899065 7.843579
hn    110
     5.747005 -7.590063 6.882735
nc    111
     -0.451936 -12.980665 -0.386175
nc    112
     -2.353966 -13.001145 0.684707
cc    113
     -1.021093 -12.992111 0.815686
c    114
     -0.342969 -13.003198 2.126540
cd    115
     -2.665345 -12.996591 -0.636580
h4    116
     -3.679449 -13.001230 -0.997958
hc    117
     0.762718 -12.994462 2.092726
o    118
     -0.960979 -13.020492 3.149376
cd    119
     -1.472272 -12.984080 -1.300017
h4    120
     -1.297151 -12.989131 -2.362264
hn    121
     0.548356 -12.971491 -0.535379
nc    122
     2.765919 9.766513 -0.212191
nc    123
     0.831241 8.875667 0.265663
cc    124
     1.977791 9.346456 0.773176
c    125
     2.269047 9.361828 2.219982
cd    126
     0.870175 8.989407 -1.086492
h4    127
     0.059694 8.677388 -1.722719
hc    128
     3.253832 9.777530 2.504856
o    129
     1.482848 8.948835 3.019830
cd    130
     2.081872 9.546497 -1.378330
h4    131
     2.493767 9.784640 -2.344089
hn    132
     3.684766 10.163752 -0.067797
nc    133
     -1.070901 3.764939 4.924527
nc    134
     0.959447 4.038514 4.171021
cc    135
     -0.032311 4.594279 4.879068
c    136
     0.068653 5.935571 5.486568
cd    137
     0.559554 2.814586 3.741064
h4    138
     1.186367 2.169514 3.149449
hc    139
     -0.823595 6.275628 6.045152
o    140
     1.056051 6.599513 5.374074
cd    141
     -0.710056 2.650128 4.215164
h4    142
     -1.372789 1.813008 4.077050
hn    143
     -1.935907 3.971763 5.406105
nc    144
     9.128512 -13.035745 -5.567776
nc    145
     10.755047 -12.954273 -7.021280
cc    146
     10.449451 -13.003705 -5.718224
c    147
     11.471468 -13.009867 -4.653443
cd    148
     9.604845 -12.952822 -7.742257
h4    149
     9.589653 -12.918142 -8.818170
hc    150
     11.083125 -13.052494 -3.618487
o    151
     12.638631 -12.970964 -4.907701
cd    152
     8.592420 -13.003569 -6.827846
h4    153
     7.530453 -13.006701 -7.004700
hn    154
     8.664931 -13.075894 -4.669772
nc    155
     0.560173 2.892972 -0.059136
nc    156
     -1.601048 2.949144 -0.360628
cc    157
     -0.485782 3.685664 -0.273981
c    158
     -0.483121 5.156373 -0.397768
cd    159
     -1.277133 1.641027 -0.197266
h4    160
     -2.007029 0.850206 -0.226830
hc    161
     0.506636 5.641908 -0.306122
o    162
     -1.491987 5.769301 -0.584682
cd    163
     0.074725 1.613113 -0.009042
h4    164
     0.708354 0.760825 0.167535
hn    165
     1.509392 3.227764 0.039999
nc    166
     -1.975406 -6.356513 -1.319218
nc    167
     -0.225378 -7.631703 -1.595302
cc    168
     -0.702220 -6.384721 -1.702291
c    169
     0.110923 -5.253056 -2.188548
cd    170
     -1.211833 -8.440695 -1.131389
h4    171
     -1.071407 -9.494251 -0.960154
hc    172
     -0.405685 -4.275665 -2.228376
o    173
     1.251604 -5.398096 -2.514489
cd    174
     -2.302592 -7.637549 -0.961305
h4    175
     -3.286709 -7.908964 -0.619387
hn    176
     -2.543478 -5.519733 -1.314295
nc    177
     -10.918484 4.405462 4.904454
nc    178
     -12.848753 5.271219 5.442465
cc    179
     -11.924578 5.163974 4.479041
c    180
     -12.055524 5.821118 3.164001
cd    181
     -12.436696 4.565831 6.526630
h4    182
     -13.012911 4.498587 7.433535
hc    183
     -11.219788 5.651112 2.459440
o    184
     -13.007807 6.490205 2.892141
cd    185
     -11.229809 4.027703 6.183743
h4    186
     -10.577827 3.412364 6.779847
hn    187
     -10.105002 4.183997 4.345769
nc    188
     -12.993753 11.923845 4.917378
nc    189
     -12.998627 9.970677 3.942680
cc    190
     -12.995449 11.295385 3.745381
c    191
     -13.002345 11.907201 2.402270
cd    192
     -13.000143 9.725631 5.277868
h4    193
     -13.001835 8.730809 5.689386
hc    194
     -12.999288 13.013228 2.380897
o    195
     -13.010680 11.238849 1.411480
cd    196
     -12.997373 10.950366 5.880981
h4    197
     -13.009414 11.178235 6.933118
hn    198
     -12.990401 12.930370 5.016512
nc    199
     6.357040 7.765726 -10.479398
nc    200
     7.336503 9.702463 -10.713135
cc    201
     6.831832 8.827127 -9.833997
c    202
     6.824291 9.065675 -8.377511
cd    203
     7.187332 9.201857 -11.966099
h4    204
     7.517935 9.724470 -12.847348
hc    205
     6.376611 8.261481 -7.763820
o    206
     7.275823 10.066880 -7.906198
cd    207
     6.574406 7.991674 -11.812780
h4    208
     6.274233 7.292302 -12.574249
hn    209
     5.928075 6.973094 -10.020429
nc    210
     9.488200 -9.693273 12.996637
nc    211
     11.206296 -8.346807 12.986597
cc    212
     10.816462 -9.628128 12.992347
c    213
     11.767475 -10.756755 13.001632
cd    214
     10.105198 -7.552857 12.988260
h4    215
     10.160044 -6.477686 12.983612
hc    216
     11.312488 -11.765084 13.006227
o    217
     12.949173 -10.577829 13.003954
cd    218
     9.035158 -8.400618 12.994830
h4    219
     7.987014 -8.155205 13.009910
hn    220
     8.967015 -10.560039 13.000412
nc    221
     5.200412 12.366453 -12.053177
nc    222
     4.782186 12.389214 -9.910866
cc    223
     4.274493 12.142079 -11.125345
c    224
     2.883342 11.697778 -11.338909
cd    225
     6.073050 12.786550 -10.047146
h4    226
     6.697299 13.042605 -9.208236
hc    227
     2.591734 11.529770 -12.392712
o    228
     2.132328 11.534407 -10.423641
cd    229
     6.327772 12.770371 -11.388259
h4    230
     7.237902 13.033159 -11.899793
hn    231
     5.044528 12.245044 -13.045089
nc    232
     6.933407 5.369886 10.748696
nc    233
     6.294798 5.424033 12.835363
cc    234
     6.843160 6.128694 11.837094
c    235
     7.271925 7.533017 11.986593
cd    236
     6.020034 4.171652 12.389466
h4    237
     5.572278 3.415209 13.011020
hc    238
     7.710171 7.997652 11.083367
o    239
     7.147603 8.117236 13.021803
cd    240
     6.421816 4.144584 11.085025
h4    241
     6.381920 3.323879 10.389387
hn    242
     7.315805 5.690466 9.868963
nc    243
     10.713004 12.264242 -10.602875
nc    244
     12.791726 12.901434 -10.797382
cc    245
     11.810723 12.606318 -9.934638
c    246
     11.980779 12.677734 -8.470297
cd    247
     12.324015 12.749746 -12.062694
h4    248
     12.929339 12.928696 -12.934807
hc    249
     11.090207 12.408082 -7.872024
o    250
     13.018557 13.006996 -7.977314
cd    251
     11.024502 12.351757 -11.933859
h4    252
     10.309414 12.139783 -12.710246
hn    253
     9.843466 11.999387 -10.159384
nc    254
     7.740522 11.594174 6.172563
nc    255
     9.715098 10.779679 6.622644
cc    256
     8.660583 10.709193 5.799954
c    257
     8.585420 9.762485 4.670172
cd    258
     9.478935 11.734383 7.558348
h4    259
     10.183771 11.978875 8.334525
hc    260
     7.657593 9.807928 4.069478
o    261
     9.476367 9.002306 4.431905
cd    262
     8.243335 12.239060 7.271430
h4    263
     7.696394 13.006332 7.792208
hn    264
     6.857062 11.721963 5.697063
nc    265
     -11.719783 -6.033594 -2.883150
nc    266
     -12.928061 -5.345085 -1.200607
cc    267
     -12.351506 -6.408925 -1.774730
c    268
     -12.446382 -7.772164 -1.217153
cd    269
     -12.668083 -4.245434 -1.952908
h4    270
     -13.025979 -3.263288 -1.695379
hc    271
     -11.924113 -8.560642 -1.790998
o    272
     -13.051335 -7.994662 -0.210696
cd    273
     -11.912955 -4.682822 -3.002765
h4    274
     -11.517013 -4.112698 -3.825717
hn    275
     -11.210477 -6.668590 -3.483414
nc    276
     -11.277854 7.155492 -3.376913
nc    277
     -11.295562 7.382994 -1.206001
cc    278
     -11.758965 7.870594 -2.364142
c    279
     -12.659955 9.037043 -2.441134
cd    280
     -10.489671 6.322310 -1.467276
h4    281
     -9.996325 5.758796 -0.693917
hc    282
     -12.967764 9.336715 -3.460552
o    283
     -13.024858 9.610415 -1.458017
cd    284
     -10.482812 6.185865 -2.825607
h4    285
     -9.950936 5.465362 -3.423140
hn    286
     -11.492729 7.339188 -4.348002
nc    287
     -0.813066 7.250822 11.862143
nc    288
     -2.382468 7.795289 10.445999
cc    289
     -1.500975 6.849986 10.796941
c    290
     -1.355089 5.576643 10.065075
cd    291
     -2.267994 8.842129 11.302619
h4    292
     -2.874297 9.728481 11.226472
hc    293
     -0.588821 4.883431 10.460110
o    294
     -2.027705 5.324629 9.109823
cd    295
     -1.285426 8.495424 12.184709
h4    296
     -0.893634 9.066970 13.008661
hn    297
     -0.090841 6.699322 12.306178
nc    298
     2.823607 10.176908 -5.982034
nc    299
     1.233023 11.549336 -6.574835
cc    300
     1.510556 10.387340 -5.969420
c    301
     0.469353 9.509622 -5.400367
cd    302
     2.393865 12.113500 -6.995479
h4    303
     2.431330 13.057365 -7.511947
hc    304
     0.834921 8.578234 -4.928521
o    305
     -0.689015 9.799130 -5.453261
cd    306
     3.383682 11.250610 -6.622102
h4    307
     4.444136 11.337173 -6.786433
hn    308
     3.267028 9.361510 -5.580247
nc    309
     -10.406320 -1.224630 -11.912646
nc    310
     -11.069790 -2.797470 -10.552165
cc    311
     -10.071419 -2.377110 -11.339782
c    312
     -8.813738 -3.129858 -11.512762
cd    313
     -12.084602 -1.897813 -10.611750
h4    314
     -13.002338 -2.014849 -10.061218
hc    315
     -8.071608 -2.670746 -12.192631
o    316
     -8.623493 -4.166295 -10.948817
cd    317
     -11.663531 -0.917784 -11.463789
h4    318
     -12.190739 -0.033981 -11.780022
hn    319
     -9.806493 -0.717246 -12.549592
nc    320
     13.006761 -8.538368 -7.913712
nc    321
     13.005788 -9.145921 -10.010330
cc    322
     13.008129 -8.102837 -9.170236
c    323
     13.003486 -6.700700 -9.631001
cd    324
     13.001689 -10.293584 -9.285327
h4    325
     13.000071 -11.270514 -9.737684
hc    326
     13.005543 -5.935192 -8.832405
o    327
     12.997872 -6.425416 -10.794021
cd    328
     13.002030 -9.906684 -7.976115
h4    329
     12.987556 -10.525659 -7.095364
hn    330
     13.008953 -7.928905 -7.106569
nc    331
     -1.038329 1.805970 13.006186
nc    332
     0.464593 0.222925 13.017270
cc    333
     0.266153 1.547458 13.012565
c    334
     1.371869 2.525039 13.006317
cd    335
     -0.740681 -0.401631 13.012763
h4    336
     -0.843514 -1.473282 13.016090
hc    337
     1.069089 3.589027 13.002301
o    338
     2.514748 2.175387 13.005694
cd    339
     -1.675369 0.593374 13.005555
h4    340
     -2.748091 0.503746 12.988438
hn    341
     -1.427280 2.739584 13.002696
nc    342
     -6.130887 -5.126356 10.552765
nc    343
     -8.070093 -4.957968 11.540720
cc    344
     -6.841899 -4.433806 11.437852
c    345
     -6.399026 -3.265572 12.223605
cd    346
     -8.165235 -6.021439 10.702416
h4    347
     -9.061080 -6.610529 10.605170
hc    348
     -5.359165 -2.934319 12.042712
o    349
     -7.127168 -2.723126 13.000773
cd    350
     -6.949984 -6.121197 10.088460
h4    351
     -6.624541 -6.846461 9.362416
hn    352
     -5.172726 -4.912760 10.309385
nc    353
     -5.999462 -8.402176 -7.633254
nc    354
     -7.945775 -7.416820 -7.556649
cc    355
     -6.884781 -7.807598 -6.838755
c    356
     -6.776236 -7.590496 -5.382939
cd    357
     -7.750578 -7.765409 -8.854016
h4    358
     -8.467585 -7.556512 -9.629441
hc    359
     -5.846955 -7.962778 -4.912189
o    360
     -7.643510 -7.046604 -4.766137
cd    361
     -6.532704 -8.380918 -8.894764
h4    362
     -6.028045 -8.810515 -9.743190
hn    363
     -5.117749 -8.778819 -7.311303
nc    364
     0.783779 -2.766755 9.182053
nc    365
     0.255566 -0.766133 9.877343
cc    366
     -0.213315 -1.987586 9.591003
c    367
     -1.637637 -2.351820 9.721209
cd    368
     1.593543 -0.744782 9.649004
h4    369
     2.199536 0.130757 9.807828
hc    370
     -1.890915 -3.394367 9.451563
o    371
     -2.452806 -1.561639 10.094762
cd    372
     1.916935 -1.997917 9.214495
h4    373
     2.880731 -2.375733 8.918842
hn    374
     0.667647 -3.734380 8.911597
nc    375
     9.237034 3.489429 -10.649853
nc    376
     9.406514 3.659321 -12.819494
cc    377
     9.414313 2.813322 -11.781221
c    378
     9.605042 1.357671 -11.932932
cd    379
     9.220469 4.921582 -12.355961
h4    380
     9.176304 5.781034 -13.002810
hc    381
     9.590676 0.773328 -10.993731
o    382
     9.763524 0.857012 -13.006549
cd    383
     9.115633 4.808213 -10.999538
h4    384
     8.974285 5.588795 -10.271683
hn    385
     9.206456 3.058549 -9.735339
nc    386
     9.786316 -11.254381 7.035798
nc    387
     9.876447 -9.074368 6.969870
cc    388
     9.735311 -10.143156 7.764577
c    389
     9.545329 -10.038775 9.224483
cd    390
     10.022490 -9.496592 5.688007
h4    391
     10.153676 -8.819705 4.861185
hc    392
     9.441232 -10.999580 9.762795
o    393
     9.508399 -8.978776 9.775362
cd    394
     9.964938 -10.859706 5.736362
h4    395
     10.029254 -11.561525 4.922499
hn    396
     9.703185 -12.185380 7.422139
nc    397
     3.537895 6.251622 -3.293988
nc    398
     4.643965 6.391335 -5.170692
cc    399
     3.571937 5.863726 -4.565570
c    400
     2.611813 4.982169 -5.257907
cd    401
     5.329830 7.142924 -4.272093
h4    402
     6.233286 7.672470 -4.521833
hc    403
     1.770298 4.614252 -4.641261
o    404
     2.747413 4.693285 -6.409683
cd    405
     4.633396 7.051019 -3.101511
h4    406
     4.863131 7.497735 -2.149289
hn    407
     2.816251 5.977045 -2.640714
nc    408
     8.281772 3.931498 3.479116
nc    409
     10.365204 3.374334 3.816470
cc    410
     9.109232 2.919027 3.721511
c    411
     8.757292 1.494583 3.880918
cd    412
     10.359735 4.719307 3.632634
h4    413
     11.254823 5.316770 3.662237
hc    414
     7.682465 1.253537 3.778905
o    415
     9.589705 0.666834 4.105303
cd    416
     9.054761 5.060881 3.422635
h4    417
     8.638421 6.038501 3.249487
hn    418
     7.282007 3.827168 3.367246
nc    419
     -9.137845 8.308937 -9.087210
nc    420
     -7.920212 7.066377 -10.405673
cc    421
     -8.712882 8.143722 -10.336471
c    422
     -9.037091 8.978766 -11.509461
cd    423
     -7.824662 6.511506 -9.170454
h4    424
     -7.239042 5.630848 -8.969173
hc    425
     -9.704145 9.839305 -11.313822
o    426
     -8.600251 8.729432 -12.593634
cd    427
     -8.588093 7.292695 -8.351526
h4    428
     -8.776543 7.173856 -7.298233
hn    429
     -9.749031 9.059967 -8.795087
nc    430
     -9.486181 -6.745378 -0.039380
nc    431
     -10.609965 -5.573994 1.420038
cc    432
     -10.190865 -6.801694 1.087027
c    433
     -10.504565 -8.001735 1.886906
cd    434
     -10.169345 -4.691593 0.487301
h4    435
     -10.378268 -3.636614 0.536217
hc    436
     -10.097031 -8.954362 1.499377
o    437
     -11.157314 -7.933542 2.885754
cd    438
     -9.468141 -5.430222 -0.421802
h4    439
     -8.972619 -5.095036 -1.316883
hn    440
     -9.067450 -7.552375 -0.482493
nc    441
     10.409279 -3.107102 -8.659516
nc    442
     9.921318 -2.194766 -6.737417
cc    443
     10.905158 -2.467425 -7.604310
c    444
     12.313109 -2.095669 -7.363927
cd    445
     8.751705 -2.668980 -7.237322
h4    446
     7.812455 -2.569837 -6.720601
hc    447
     13.025440 -2.380788 -8.160829
o    448
     12.647090 -1.524199 -6.368784
cd    449
     9.063865 -3.238056 -8.438337
h4    450
     8.409032 -3.734048 -9.134214
hn    451
     10.967242 -3.413904 -9.445315
nc    452
     3.816356 -0.338895 0.028490
nc    453
     2.722293 -1.754216 1.279418
cc    454
     3.503344 -0.666215 1.278861
c    455
     3.927607 0.018314 2.515685
cd    456
     2.519687 -2.149912 -0.003216
h4    457
     1.920635 -3.005886 -0.262960
hc    458
     4.572898 0.905542 2.373600
o    459
     3.588429 -0.371758 3.593289
cd    460
     3.206317 -1.261398 -0.779624
h4    461
     3.301626 -1.243753 -1.851849
hn    462
     4.397755 0.451143 -0.217975
nc    463
     4.776965 -1.103424 -13.002023
nc    464
     6.531413 0.194383 -12.951601
cc    465
     6.106354 -1.075382 -12.980077
c    466
     7.025527 -2.230122 -12.976707
cd    467
     5.452800 1.018620 -12.953869
h4    468
     5.537354 2.091705 -12.934896
hc    469
     6.542902 -3.225212 -13.001820
o    470
     8.211444 -2.084404 -12.948505
cd    471
     4.359862 0.201163 -12.985147
h4    472
     3.318788 0.475437 -12.984539
hn    473
     4.232101 -1.955167 -13.026219
nc    474
     2.112719 7.046101 -11.907056
nc    475
     0.643620 5.797689 -12.930846
cc    476
     1.887837 5.847594 -12.437671
c    477
     2.826678 4.711119 -12.510579
cd    478
     0.038892 6.994376 -12.718664
h4    479
     -0.971735 7.201149 -13.026720
hc    480
     3.823985 4.885735 -12.064877
o    481
     2.515927 3.675953 -13.020769
cd    482
     0.962516 7.769794 -12.078840
h4    483
     0.867244 8.790731 -11.750709
hn    484
     2.985882 7.314907 -11.473168
nc    485
     11.146908 10.660589 11.710340
nc    486
     11.159467 12.823988 11.419690
cc    487
     10.482460 11.790213 11.936175
c    488
     9.190774 11.944165 12.633428
cd    489
     12.295558 12.359192 10.840002
h4    490
     13.009388 13.002600 10.354723
hc    491
     8.737355 11.008685 13.011649
o    492
     8.680011 13.015670 12.772810
cd    493
     12.281259 11.006678 11.025010
h4    494
     13.004423 10.278916 10.698732
hn    495
     10.826902 9.749440 12.010895
nc    496
     -10.363353 12.999239 -10.457706
nc    497
     -10.056746 12.984014 -12.618883
cc    498
     -10.971249 12.982367 -11.640380
c    499
     -12.424061 12.955968 -11.899137
cd    500
     -8.818576 13.001310 -12.062635
h4    501
     -7.915042 13.006876 -12.647971
hc    502
     -13.069604 12.956975 -11.000786
o    503
     -12.860074 12.935023 -13.011739
cd    504
     -9.017473 13.010459 -10.712049
h4    505
     -8.280645 13.012576 -9.927103
hn    506
     -10.853216 13.002362 -9.572859
nc    507
     -10.680755 3.709980 -12.707240
nc    508
     -9.611385 5.603221 -12.899632
cc    509
     -10.818466 5.026335 -12.836808
c    510
     -12.078707 5.790566 -12.914622
cd    511
     -8.659160 4.639890 -12.809997
h4    512
     -7.604854 4.856216 -12.835764
hc    513
     -13.006060 5.190844 -12.850489
o    514
     -12.081714 6.979263 -13.038805
cd    515
     -9.334239 3.459354 -12.690278
h4    516
     -8.932307 2.464115 -12.606548
hn    517
     -11.458117 3.066568 -12.638978
nc    518
     10.327543 5.360593 7.523157
nc    519
     11.269725 6.549500 9.092782
cc    520
     11.260641 5.363441 8.470714
c    521
     12.169777 4.259071 8.834242
cd    522
     10.317580 7.342992 8.539096
h4    523
     10.131574 8.350408 8.870058
hc    524
     12.057243 3.332348 8.240709
o    525
     12.970132 4.372936 9.714524
cd    526
     9.732517 6.593821 7.559213
h4    527
     8.925385 6.865901 6.900751
hn    528
     10.138477 4.569884 6.921523
nc    529
     -10.838751 -12.731143 -5.800491
nc    530
     -12.862692 -11.935810 -5.990323
cc    531
     -11.887886 -12.261617 -5.131609
c    532
     -12.021082 -12.108087 -3.669760
cd    533
     -12.441417 -12.199775 -7.253504
h4    534
     -13.051150 -12.020034 -8.122378
hc    535
     -11.140600 -12.415431 -3.074737
o    536
     -13.020773 -11.678446 -3.175336
cd    537
     -11.176152 -12.696744 -7.127587
h4    538
     -10.509767 -13.034870 -7.902610
hn    539
     -9.982305 -13.039837 -5.359880
nc    540
     -3.009637 2.002943 -5.824996
nc    541
     -4.608993 3.467776 -5.577502
cc    542
     -3.435043 3.033910 -5.100649
c    543
     -2.766682 3.644662 -3.935064
cd    544
     -4.961665 2.700619 -6.640455
h4    545
     -5.870326 2.855155 -7.196761
hc    546
     -1.801241 3.189194 -3.644834
o    547
     -3.248825 4.570308 -3.352699
cd    548
     -3.958089 1.787178 -6.789410
h4    549
     -3.875183 0.996462 -7.515326
hn    550
     -2.143109 1.511482 -5.650282
nc    551
     -2.448180 -4.929368 6.534371
nc    552
     -4.321037 -5.795806 7.246144
cc    553
     -2.992203 -5.768302 7.411166
c    554
     -2.292242 -6.578729 8.426832
cd    555
     -4.655393 -4.954251 6.234824
h4    556
     -5.671353 -4.802560 5.912587
hc    557
     -1.192593 -6.461930 8.456680
o    558
     -2.887623 -7.309038 9.162086
cd    559
     -3.480440 -4.416432 5.794410
h4    560
     -3.324795 -3.712514 4.994826
hn    561
     -1.455606 -4.745279 6.472406
nc    562
     -6.409179 -11.385001 -4.397469
nc    563
     -6.344697 -11.745260 -6.549441
cc    564
     -5.700359 -11.918538 -5.388153
c    565
     -4.395324 -12.600560 -5.287931
cd    566
     -7.504390 -11.080385 -6.313156
h4    567
     -8.199684 -10.822702 -7.093661
hc    568
     -3.972446 -12.675821 -4.268485
o    569
     -3.843304 -13.037882 -6.253567
cd    570
     -7.538219 -10.858163 -4.966605
h4    571
     -8.291973 -10.348453 -4.391182
hn    572
     -6.119662 -11.396279 -3.428457
nc    573
     -8.113906 -0.648827 -4.105467
nc    574
     -6.500145 0.782535 -4.439990
cc    575
     -7.827650 0.605045 -4.443705
c    576
     -8.780263 1.677973 -4.789637
cd    577
     -5.902021 -0.385186 -4.091491
h4    578
     -4.833640 -0.495110 -4.017321
hc    579
     -9.849729 1.397395 -4.753859
o    580
     -8.406190 2.773451 -5.087002
cd    581
     -6.916108 -1.275339 -3.884171
h4    582
     -6.849135 -2.313034 -3.605312
hn    583
     -9.054993 -1.013610 -4.040518
nc    584
     1.823724 12.997231 -2.745062
nc    585
     0.578728 13.001213 -0.952048
cc    586
     0.573650 12.995500 -2.291350
c    587
     -0.667738 12.996643 -3.089640
cd    588
     1.864898 13.007951 -0.517882
h4    589
     2.129336 13.012510 0.525704
hc    590
     -0.530107 12.991993 -4.187273
o    591
     -1.744233 13.002267 -2.570452
cd    592
     2.637584 13.005711 -1.643351
h4    593
     3.711487 13.021290 -1.717852
hn    594
     2.066330 12.992864 -3.726924
nc    595
     -5.622901 -12.762808 -12.067691
nc    596
     -5.828872 -12.094264 -9.999949
cc    597
     -6.485604 -12.374552 -11.133056
c    598
     -7.949681 -12.243698 -11.265982
cd    599
     -4.502298 -12.303309 -10.198133
h4    600
     -3.764831 -12.146564 -9.429630
hc    601
     -8.365032 -12.506995 -12.256901
o    602
     -8.629290 -11.876116 -10.354146
cd    603
     -4.380602 -12.720620 -11.492261
h4    604
     -3.484508 -12.975796 -12.031670
hn    605
     -5.890917 -13.026862 -13.006505
nc    606
     -6.051035 -5.055758 0.447031
nc    607
     -5.341223 -3.469698 -0.874147
cc    608
     -5.731799 -4.749045 -0.806986
c    609
     -5.771955 -5.639176 -1.983577
cd    610
     -5.405357 -2.925276 0.367734
h4    611
     -5.140535 -1.901864 0.571497
hc    612
     -6.113588 -6.673217 -1.789134
o    613
     -5.453297 -5.254183 -3.069241
cd    614
     -5.849320 -3.921809 1.188433
h4    615
     -6.019393 -3.887767 2.250967
hn    616
     -6.375005 -5.968488 0.738400
nc    617
     -13.019921 2.000143 -5.440450
nc    618
     -12.999000 1.055104 -3.472865
cc    619
     -13.007736 2.222465 -4.129357
c    620
     -12.995639 3.529400 -3.443728
cd    621
     -13.004513 0.042736 -4.377220
h4    622
     -13.000281 -0.995424 -4.092216
hc    623
     -13.004226 4.416141 -4.105074
o    624
     -12.977736 3.609089 -2.251353
cd    625
     -13.017295 0.640273 -5.604621
h4    626
     -13.012949 0.175038 -6.575496
hn    627
     -13.029041 2.734386 -6.135960
nc    628
     -3.482960 4.597310 -10.310514
nc    629
     -3.207361 4.841206 -12.462138
cc    630
     -3.603855 5.440398 -11.331851
c    631
     -4.100277 6.829718 -11.291019
cd    632
     -2.817987 3.573172 -12.173600
h4    633
     -2.455321 2.888821 -12.921369
hc    634
     -4.395961 7.202424 -10.292308
o    635
     -4.172568 7.496517 -12.280252
cd    636
     -2.993038 3.427334 -10.827563
h4    637
     -2.807967 2.558837 -10.218857
hn    638
     -3.722575 4.831033 -9.356109
nc    639
     -7.136318 -11.972483 1.569710
nc    640
     -5.349504 -10.783876 1.170412
cc    641
     -5.903186 -11.693813 1.982348
c    642
     -5.201805 -12.259427 3.151304
cd    643
     -6.243319 -10.457713 0.202171
h4    644
     -6.029221 -9.743016 -0.573968
hc    645
     -5.773873 -13.002101 3.738616
o    646
     -4.088741 -11.927337 3.432790
cd    647
     -7.357653 -11.203796 0.457803
h4    648
     -8.290252 -11.219635 -0.079848
hn    649
     -7.747653 -12.634412 2.029111
nc    650
     -0.606528 -11.370183 -5.601677
nc    651
     0.068378 -9.874830 -4.161764
cc    652
     0.270245 -11.111032 -4.635938
c    653
     1.320339 -12.008735 -4.116567
cd    654
     -0.967653 -9.310682 -4.833444
h4    655
     -1.321203 -8.313976 -4.631942
hc    656
     1.378966 -13.003653 -4.596634
o    657
     2.052156 -11.669409 -3.234677
cd    658
     -1.384833 -10.250533 -5.731423
h4    659
     -2.192841 -10.186903 -6.440038
hn    660
     -0.643948 -12.244723 -6.108341
nc    661
     9.056196 -0.361167 11.374455
nc    662
     10.605470 -1.355920 10.201788
cc    663
     9.739668 -0.334577 10.233972
c    664
     9.603918 0.638041 9.132201
cd    665
     10.484993 -2.069991 11.349988
h4    666
     11.078893 -2.942973 11.560241
hc    667
     8.850415 1.433106 9.286691
o    668
     10.271138 0.559298 8.143745
cd    669
     9.515063 -1.443137 12.078011
h4    670
     9.123251 -1.713440 13.043661
hn    671
     8.345311 0.314798 11.620715
nc    672
     1.032954 -11.459428 11.040821
nc    673
     -1.025513 -10.997045 10.480602
cc    674
     -0.246350 -11.677741 11.331101
c    675
     -0.786443 -12.533946 12.405124
cd    676
     -0.236208 -10.316611 9.610669
h4    677
     -0.632047 -9.692287 8.828012
hc    678
     -0.032863 -13.040667 13.036877
o    679
     -1.963296 -12.661950 12.569630
cd    680
     1.048750 -10.610223 9.966201
h4    681
     1.963288 -10.272823 9.509209
hn    682
     1.803978 -11.869416 11.551078
nc    683
     2.717678 -5.398524 12.627992
nc    684
     1.199272 -6.840681 12.011913
cc    685
     2.449810 -6.691213 12.467547
c    686
     3.352014 -7.830446 12.725402
cd    687
     0.634409 -5.614551 11.869402
h4    688
     -0.372645 -5.472594 11.516256
hc    689
     4.359128 -7.567278 13.099869
o    690
     3.003625 -8.958137 12.537339
cd    691
     1.588696 -4.718024 12.255801
h4    692
     1.528829 -3.643254 12.274366
hn    693
     3.603513 -5.044578 12.964070
nc    694
     7.632077 -9.959085 -5.156212
nc    695
     7.954417 -10.305076 -3.025175
cc    696
     7.041950 -10.266666 -4.004827
c    697
     5.607271 -10.527230 -3.776542
cd    698
     9.172799 -10.014167 -3.548331
h4    699
     10.071013 -9.983438 -2.955633
hc    700
     4.961369 -10.462756 -4.672319
o    701
     5.185292 -10.789516 -2.689542
cd    702
     8.964109 -9.798782 -4.880166
h4    703
     9.683114 -9.531478 -5.635575
hn    704
     7.140222 -9.873836 -6.035837
nc    705
     13.007094 -1.098013 4.602271
nc    706
     13.014761 0.218797 6.343214
cc    707
     13.013161 -1.055658 5.931448
c    708
     13.009496 -2.200468 6.862958
cd    709
     13.008488 1.031515 5.255912
h4    710
     13.009241 2.105596 5.329201
hc    711
     13.007941 -3.200849 6.390733
o    712
     13.008308 -2.041858 8.047555
cd    713
     13.003429 0.202225 4.171486
h4    714
     12.985850 0.465532 3.127733
hn    715
     13.005734 -1.955714 4.066289
nc    716
     -4.658811 -8.424463 -12.997469
nc    717
     -3.390763 -6.647674 -12.998134
cc    718
     -4.653314 -7.094609 -12.997019
c    719
     -5.823508 -6.195212 -13.003713
cd    720
     -2.548220 -7.712048 -13.000466
h4    721
     -1.476583 -7.609013 -13.000851
hc    722
     -6.810416 -6.694986 -13.002511
o    723
     -5.697798 -5.006690 -13.010001
cd    724
     -3.347134 -8.819055 -13.000329
h4    725
     -3.055006 -9.855174 -13.013726
hn    726
     -5.501325 -8.984014 -12.995915
nc    727
     2.773551 -6.898066 0.348723
nc    728
     3.283966 -8.398735 -1.152076
cc    729
     3.460998 -7.128507 -0.766111
c    730
     4.299425 -6.171442 -1.514029
cd    731
     2.458725 -9.015301 -0.267994
h4    732
     2.165774 -10.046834 -0.363607
hc    733
     4.360154 -5.153163 -1.086032
o    734
     4.869509 -6.489874 -2.515045
cd    735
     2.143364 -8.071855 0.666984
h4    736
     1.501716 -8.169248 1.525975
hn    737
     2.756972 -6.006419 0.825818
nc    738
     6.935113 -3.303731 1.840741
nc    739
     8.268018 -3.756727 0.172482
cc    740
     7.647350 -2.780296 0.847123
c    741
     7.767541 -1.353948 0.487401
cd    742
     7.953239 -4.949909 0.738173
h4    743
     8.332928 -5.888442 0.372092
hc    744
     7.202310 -0.650433 1.127201
o    745
     8.435435 -0.997096 -0.437262
cd    746
     7.119880 -4.659590 1.779785
h4    747
     6.644549 -5.339394 2.466070
hn    748
     6.382023 -2.755911 2.486430
nc    749
     7.724042 -3.131639 -3.317975
nc    750
     8.005052 -1.019333 -3.791396
cc    751
     8.625253 -2.173611 -3.514303
c    752
     10.094086 -2.298876 -3.442535
cd    753
     6.663597 -1.226716 -3.774992
h4    754
     5.949103 -0.445431 -3.970222
hc    755
     10.476506 -3.309182 -3.204208
o    756
     10.810915 -1.361457 -3.631823
cd    757
     6.495007 -2.548556 -3.478269
h4    758
     5.575516 -3.096458 -3.362513
hn    759
     7.960060 -4.089633 -3.095549
nc    760
     -11.945415 4.870468 12.977151
nc    761
     -9.944361 3.999596 13.025044
cc    762
     -10.643883 5.141616 13.009305
c    763
     -10.007501 6.473251 13.018285
cd    764
     -10.809958 2.954147 13.001500
h4    765
     -10.486426 1.927359 13.008837
hc    766
     -10.701392 7.334666 13.002730
o    767
     -8.819016 6.597428 13.040928
cd    768
     -12.058528 3.505411 12.971341
h4    769
     -13.010646 3.004223 12.934702
hn    770
     -12.667752 5.578215 12.961234
nc    771
     8.699332 -2.532150 6.383578
nc    772
     6.982510 -3.684744 5.684310
cc    773
     8.277220 -3.740465 6.022555
c    774
     9.067304 -4.986092 5.972625
cd    775
     6.546158 -2.407183 5.826477
h4    776
     5.533721 -2.108532 5.614817
hc    777
     10.126427 -4.892827 6.278113
o    778
     8.581265 -6.020467 5.622964
cd    779
     7.623989 -1.692268 6.263403
h4    780
     7.685065 -0.639787 6.481608
hn    781
     9.645031 -2.331689 6.680898
nc    782
     7.276175 10.828059 -2.641082
nc    783
     9.457078 10.846585 -2.731898
cc    784
     8.330802 11.271154 -3.319293
c    785
     8.325227 12.098077 -4.541782
cd    786
     9.131490 10.105751 -1.641974
h4    787
     9.869036 9.653337 -1.001374
hc    788
     7.325945 12.379870 -4.923608
o    789
     9.341622 12.433709 -5.073498
cd    790
     7.767269 10.098009 -1.591291
h4    791
     7.126850 9.607422 -0.878375
hn    792
     6.318049 11.024567 -2.898588
nc    793
     4.335520 -4.583776 -6.800227
nc    794
     3.091829 -5.489320 -5.251630
cc    795
     3.468325 -4.337729 -5.822487
c    796
     2.967202 -3.021405 -5.381488
cd    797
     3.729617 -6.515357 -5.870704
h4    798
     3.589666 -7.545104 -5.589531
hc    799
     3.359255 -2.149698 -5.938431
o    800
     2.188983 -2.919281 -4.480170
cd    801
     4.505297 -5.942462 -6.837057
h4    802
     5.170584 -6.423409 -7.533579
hn    803
     4.756404 -3.864777 -7.373662
nc    804
     10.647225 4.506601 12.993159
nc    805
     12.825352 4.650317 12.999273
cc    806
     11.781089 3.811697 12.995108
c    807
     11.930376 2.343368 13.001336
cd    808
     12.363375 5.926778 13.001192
h4    809
     13.014739 6.783948 13.003669
hc    810
     10.986181 1.766964 12.997480
o    811
     13.007267 1.825043 13.009983
cd    812
     11.001652 5.829691 12.997643
h4    813
     10.274130 6.623182 13.009699
hn    814
     9.728152 4.084442 12.989099
nc    815
     10.597655 5.941050 -0.747803
nc    816
     11.308289 5.026114 -2.597890
cc    817
     10.349106 5.779211 -2.044173
c    818
     9.205763 6.313621 -2.809343
cd    819
     12.207124 4.685328 -1.639382
h4    820
     13.074199 4.079644 -1.840250
hc    821
     8.484820 6.920576 -2.230025
o    822
     9.080071 6.096620 -3.977907
cd    823
     11.756883 5.260050 -0.485820
h4    824
     12.188960 5.211356 0.499066
hn    825
     10.007788 6.475543 -0.123861
nc    826
     -10.512138 13.006974 -4.187364
nc    827
     -12.694975 13.005303 -4.199471
cc    828
     -11.602034 13.006127 -3.425348
c    829
     -11.662515 12.997879 -1.950700
cd    830
     -12.310821 13.004497 -5.501470
h4    831
     -13.012694 13.004629 -6.317800
hc    832
     -10.685273 12.999001 -1.432281
o    833
     -12.706204 12.990501 -1.368387
cd    834
     -10.945717 13.005257 -5.486677
h4    835
     -10.267396 12.993041 -6.322615
hn    836
     -9.569273 13.008590 -3.821395
nc    837
     5.391587 -13.007270 7.503883
nc    838
     3.703412 -13.006359 8.887715
cc    839
     4.065069 -13.005048 7.598145
c    840
     3.089581 -12.993454 6.490624
cd    841
     4.821657 -13.008396 9.657326
h4    842
     4.790388 -13.010628 10.733448
hc    843
     3.522357 -12.993064 5.472554
o    844
     1.912117 -12.985097 6.695412
cd    845
     5.872862 -13.008664 8.786294
h4    846
     6.926197 -12.998129 9.008634
hn    847
     5.893645 -13.007734 6.625892
nc    848
     7.027660 -2.773599 10.366316
nc    849
     6.208494 -3.111012 12.361322
cc    850
     6.195061 -2.305309 11.291532
c    851
     5.364982 -1.087418 11.213909
cd    852
     7.072723 -4.132216 12.131045
h4    853
     7.256901 -4.914613 12.847254
hc    854
     5.448514 -0.511265 10.273254
o    855
     4.653853 -0.757643 12.116113
cd    856
     7.581243 -3.915064 10.882855
h4    857
     8.308372 -4.499499 10.345473
hn    858
     7.181876 -2.329269 9.470929
nc    859
     3.916877 10.090259 12.339880
nc    860
     4.556473 8.864438 10.650736
cc    861
     4.755690 10.012634 11.310847
c    862
     5.765473 11.008687 10.902765
cd    863
     3.561136 8.173240 11.262558
h4    864
     3.217760 7.213483 10.916176
hc    865
     5.826343 11.914259 11.535216
o    866
     6.464608 10.834761 9.949146
cd    867
     3.165837 8.944998 12.317003
h4    868
     2.390576 8.747411 13.037413
hn    869
     3.885192 10.870348 12.982832
nc    870
     3.434305 10.424309 7.968038
nc    871
     1.722087 10.417259 9.321991
cc    872
     2.768033 11.127140 8.879439
c    873
     3.087529 12.480212 9.374853
cd    874
     1.703752 9.218709 8.684874
h4    875
     0.953286 8.469536 8.870785
hc    876
     3.979857 12.955300 8.925627
o    877
     2.417052 13.015112 10.207181
cd    878
     2.776477 9.229647 7.840558
h4    879
     3.109592 8.454595 7.171685
hn    880
     4.261976 10.759464 7.493104
nc    881
     -6.026351 -12.987448 8.142866
nc    882
     -7.350307 -13.002375 9.878333
cc    883
     -6.074209 -12.990355 9.471867
c    884
     -4.933240 -12.990214 10.408085
cd    885
     -8.158475 -13.008590 8.787644
h4    886
     -9.232815 -13.017543 8.856471
hc    887
     -3.930953 -12.980112 9.940023
o    888
     -5.096690 -13.000438 11.591980
cd    889
     -7.324731 -12.999497 7.706665
h4    890
     -7.583594 -13.012578 6.661734
hn    891
     -5.166479 -12.977965 7.610456
nc    892
     10.779523 -5.900441 -5.405917
nc    893
     9.788978 -6.774870 -3.668355
cc    894
     9.615139 -6.313034 -4.913456
c    895
     8.300006 -6.283664 -5.582690
cd    896
     11.100402 -6.660724 -3.336825
h4    897
     11.490515 -6.967889 -2.381584
hc    898
     8.296161 -5.876500 -6.611264
o    899
     7.312402 -6.677360 -5.036730
cd    900
     11.713524 -6.113386 -4.426885
h4    901
     12.751433 -5.856234 -4.552099
hn    902
     10.892948 -5.512282 -6.332954
nc    903
     2.876133 -5.774298 -12.123891
nc    904
     3.371759 -4.935133 -10.170667
cc    905
     3.862449 -5.529060 -11.266231
c    906
     5.293894 -5.846817 -11.434481
cd    907
     2.029844 -4.788786 -10.314278
h4    908
     1.407764 -4.334574 -9.562128
hc    909
     5.565548 -6.338219 -12.387628
o    910
     6.095662 -5.584511 -10.587845
cd    911
     1.726795 -5.315472 -11.536772
h4    912
     0.763187 -5.397692 -12.009804
hn    913
     3.009199 -6.217575 -13.023185
nc    914
     -5.560422 10.897495 -10.928463
nc    915
     -4.578216 12.846885 -10.919719
cc    916
     -5.177957 11.917048 -10.165067
c    917
     -5.365265 12.063463 -8.708429
cd    918
     -4.568766 12.425840 -12.210226
h4    919
     -4.138178 13.003470 -13.010201
hc    920
     -5.876758 11.221432 -8.205318
o    921
     -4.984091 13.033850 -8.124064
cd    922
     -5.184285 11.207291 -12.208601
h4    923
     -5.382731 10.556671 -13.043091
hn    924
     -6.034589 10.076772 -10.575604
nc    925
     11.157866 -2.856301 1.485659
nc    926
     11.623236 -4.967470 1.183460
cc    927
     11.776472 -3.729437 0.696037
c    928
     12.524272 -3.441273 -0.543346
cd    929
     10.884570 -4.903338 2.320577
h4    930
     10.626192 -5.773528 2.899397
hc    931
     12.574227 -2.375198 -0.834467
o    932
     13.037032 -4.312835 -1.180439
cd    933
     10.596930 -3.581383 2.503408
h4    934
     10.019375 -3.124571 3.288783
hn    935
     11.139016 -1.859295 1.316678
nc    936
     -2.977246 -5.657266 -7.039920
nc    937
     -0.830632 -5.992738 -7.250719
cc    938
     -2.033000 -6.199835 -7.803177
c    939
     -2.219180 -6.936430 -9.068514
cd    940
     -0.991909 -5.297816 -6.095795
h4    941
     -0.166694 -5.008384 -5.467885
hc    942
     -3.265375 -7.036426 -9.413824
o    943
     -1.291037 -7.389658 -9.669814
cd    944
     -2.335582 -5.091790 -5.970007
h4    945
     -2.864253 -4.588439 -5.178676
hn    946
     -3.964302 -5.687748 -7.258370
nc    947
     -12.015303 -1.139315 11.333749
nc    948
     -9.971419 -1.893110 11.472527
cc    949
     -11.246911 -2.110499 11.818432
c    950
     -11.673329 -3.269353 12.626850
cd    951
     -9.902870 -0.749898 10.743732
h4    952
     -8.979075 -0.363441 10.348414
hc    953
     -12.756813 -3.329368 12.841844
o    954
     -10.888221 -4.081752 13.016776
cd    955
     -11.183406 -0.283931 10.661087
h4    956
     -11.541145 0.607323 10.174517
hn    957
     -13.016689 -1.093561 11.468148
nc    958
     -5.330833 0.240016 -12.229477
nc    959
     -5.821072 0.777463 -10.171384
cc    960
     -5.436407 -0.214974 -10.984334
c    961
     -5.190496 -1.591099 -10.510920
cd    962
     -5.972231 1.910810 -10.903130
h4    963
     -6.276482 2.848908 -10.471359
hc    964
     -4.877677 -2.314750 -11.286959
o    965
     -5.324600 -1.889525 -9.361404
cd    966
     -5.664610 1.567834 -12.188223
h4    967
     -5.676667 2.188640 -13.067720
hn    968
     -5.052834 -0.331655 -13.016139
nc    969
     -2.665972 -10.162059 5.830336
nc    970
     -1.902678 -9.008679 4.141543
cc    971
     -2.936272 -9.179415 4.976000
c    972
     -4.169386 -8.371722 4.902674
cd    973
     -0.931389 -9.903058 4.456917
h4    974
     0.003357 -9.962025 3.926075
hc    975
     -4.946044 -8.616151 5.651552
o    976
     -4.305854 -7.513139 4.082527
cd    977
     -1.414978 -10.620724 5.512770
h4    978
     -0.945123 -11.432262 6.041639
hn    979
     -3.301265 -10.468616 6.555150
nc    980
     8.532177 13.004390 0.772452
nc    981
     8.066671 12.998744 2.905103
cc    982
     9.051035 13.003414 1.996922
c    983
     10.480930 12.998622 2.362561
cd    984
     6.872950 12.995485 2.258731
h4    985
     5.928574 12.992375 2.775613
hc    986
     11.191128 13.002764 1.514408
o    987
     10.833631 12.990766 3.504476
cd    988
     7.171133 12.998747 0.926513
h4    989
     6.494464 12.985736 0.089250
hn    990
     9.086109 13.008595 -0.073758
nc    991
     -8.265158 -0.859106 6.627845
nc    992
     -7.669309 -2.303773 5.103763
cc    993
     -7.503843 -1.053639 5.554953
c    994
     -6.602752 -0.079477 4.908921
cd    995
     -8.562530 -2.943648 5.900940
h4    996
     -8.861054 -3.965602 5.741205
hc    997
     -6.559441 0.919025 5.383136
o    998
     -5.967631 -0.364820 3.937515
cd    999
     -8.931015 -2.035140 6.850972
h4    1000
     -9.632773 -2.158178 7.658101
hn    1001
     -8.304020 0.012053 7.140195
nc    1002
     5.404018 -9.770664 -9.873681
nc    1003
     6.818980 -11.431974 -9.820207
cc    1004
     6.664362 -10.115750 -9.626722
c    1005
     7.769097 -9.230151 -9.210085
cd    1006
     5.629814 -11.961918 -10.204681
h4    1007
     5.498778 -13.008606 -10.419844
hc    1008
     7.505463 -8.162913 -9.086545
o    1009
     8.871259 -9.652467 -9.022155
cd    1010
     4.750198 -10.918365 -10.236325
h4    1011
     3.707972 -10.929563 -10.505955
hn    1012
     5.052752 -8.825706 -9.792466
nc    1013
     -7.324864 7.163510 10.154904
nc    1014
     -9.245226 8.201229 10.171630
cc    1015
     -8.600510 7.092501 9.785817
c    1016
     -9.260256 5.993423 9.054326
cd    1017
     -8.369088 9.019431 10.808581
h4    1018
     -8.651604 9.975999 11.213776
hc    1019
     -8.612208 5.135178 8.795074
o    1020
     -10.419531 6.041348 8.767599
cd    1021
     -7.171046 8.365047 10.794323
h4    1022
     -6.225040 8.692227 11.190665
hn    1023
     -6.644374 6.438174 9.971189
nc    1024
     -12.055720 10.629298 11.867391
nc    1025
     -11.429715 11.097264 9.829241
cc    1026
     -12.030488 10.191549 10.611891
c    1027
     -12.557719 8.911566 10.100045
cd    1028
     -11.051016 12.154430 10.591976
h4    1029
     -10.546374 13.015385 10.188104
hc    1030
     -13.030228 8.253787 10.853585
o    1031
     -12.472616 8.618347 8.944532
cd    1032
     -11.444957 11.855335 11.864407
h4    1033
     -11.314100 12.438359 12.759963
hn    1034
     -12.461867 10.112214 12.635895
nc    1035
     -6.418851 11.082070 7.593459
nc    1036
     -5.142150 11.533780 5.881465
cc    1037
     -5.267558 10.796201 6.992338
c    1038
     -4.241704 9.832480 7.436385
cd    1039
     -6.238789 12.323436 5.752609
h4    1040
     -6.372095 13.009165 4.933447
hc    1041
     -4.470252 9.288401 8.372070
o    1042
     -3.234845 9.661591 6.815529
cd    1043
     -7.032252 12.036342 6.825792
h4    1044
     -7.984956 12.464235 7.087177
hn    1045
     -6.729389 10.646114 8.451619
nc    1046
     -5.703179 7.008014 -3.563017
nc    1047
     -4.221929 7.612978 -5.047888
cc    1048
     -4.608081 7.733276 -3.771094
c    1049
     -3.888959 8.569186 -2.790057
cd    1050
     -5.086880 6.788816 -5.692398
h4    1051
     -4.986271 6.535168 -6.733821
hc    1052
     -4.314442 8.580709 -1.768982
o    1053
     -2.912236 9.187649 -3.093279
cd    1054
     -6.010044 6.414687 -4.758844
h4    1055
     -6.866237 5.774042 -4.883622
hn    1056
     -6.175515 6.944763 -2.670924
nc    1057
     -0.440846 5.212568 -8.999222
nc    1058
     -0.361510 3.945695 -7.223366
cc    1059
     -0.676886 5.160256 -7.691518
c    1060
     -1.196425 6.241995 -6.832313
cd    1061
     0.093620 3.183780 -8.250556
h4    1062
     0.410098 2.162457 -8.125003
hc    1063
     -1.416413 7.196598 -7.346220
o    1064
     -1.363432 6.082594 -5.659654
cd    1065
     0.041680 3.981602 -9.357131
h4    1066
     0.330282 3.744895 -10.366952
hn    1067
     -0.605422 6.032032 -9.568717
nc    1068
     -12.414312 -11.268063 3.247019
nc    1069
     -10.955991 -12.884972 3.092632
cc    1070
     -11.648365 -12.108721 3.936339
c    1071
     -11.529287 -12.212058 5.403804
cd    1072
     -11.275995 -12.543067 1.818475
h4    1073
     -10.847559 -13.028152 0.958151
hc    1074
     -12.157202 -11.510697 5.984819
o    1075
     -10.798189 -13.006281 5.916771
cd    1076
     -12.187433 -11.532006 1.922230
h4    1077
     -12.672469 -10.984571 1.132221
hn    1078
     -13.027139 -10.585906 3.673675
nc    1079
     13.005692 -10.865909 2.449280
nc    1080
     13.013062 -10.788384 0.267798
cc    1081
     13.013509 -10.059799 1.391609
c    1082
     13.013481 -8.583888 1.391719
cd    1083
     13.003618 -12.105031 0.598142
h4    1084
     13.002268 -12.891847 -0.136664
hc    1085
     13.013327 -8.106040 2.389428
o    1086
     13.013604 -7.959187 0.372809
cd    1087
     12.998763 -12.146297 1.962694
h4    1088
     12.979201 -13.009296 2.606052
hn    1089
     13.005352 -10.538971 3.406380
nc    1090
     -1.077970 -1.434401 -9.836710
nc    1091
     -1.179537 -2.526010 -11.724302
cc    1092
     -0.768896 -1.398375 -11.129660
c    1093
     -0.087992 -0.309252 -11.856637
cd    1094
     -1.773552 -3.320049 -10.797250
h4    1095
     -2.186206 -4.285968 -11.033339
hc    1096
     0.198123 0.567396 -11.245581
o    1097
     0.133136 -0.383467 -13.028824
cd    1098
     -1.706903 -2.631793 -9.620139
h4    1099
     -2.079935 -2.922410 -8.652953
hn    1100
     -0.864320 -0.690356 -9.185803
nc    1101
     -9.720295 -2.675644 -7.118317
nc    1102
     -7.578421 -2.288593 -6.952507
cc    1103
     -8.770947 -1.752798 -7.243354
c    1104
     -8.941242 -0.343040 -7.645718
cd    1105
     -7.751316 -3.595803 -6.629885
h4    1106
     -6.935659 -4.242929 -6.356107
hc    1107
     -9.980405 -0.028920 -7.858393
o    1108
     -8.008301 0.399002 -7.731875
cd    1109
     -9.091897 -3.831070 -6.735807
h4    1110
     -9.624651 -4.752221 -6.572358
hn    1111
     -10.701981 -2.499929 -7.286684
nc    1112
     -1.694011 -3.854216 2.129592
nc    1113
     -0.057563 -4.120382 3.549495
cc    1114
     -0.763089 -3.227550 2.843186
c    1115
     -0.493858 -1.777011 2.885220
cd    1116
     -0.538130 -5.363344 3.290889
h4    1117
     -0.132784 -6.252316 3.743044
hc    1118
     -1.150697 -1.150492 2.252923
o    1119
     0.379984 -1.323283 3.562686
cd    1120
     -1.560278 -5.189773 2.402737
h4    1121
     -2.185047 -5.938644 1.946757
hn    1122
     -2.347978 -3.382415 1.519132
nc    1123
     9.185086 2.284449 -5.948361
nc    1124
     10.064066 4.202897 -6.506822
cc    1125
     8.919375 3.530935 -6.328113
c    1126
     7.590800 4.135974 -6.545206
cd    1127
     11.105753 3.374920 -6.238273
h4    1128
     12.133667 3.686694 -6.310473
hc    1129
     6.726674 3.469967 -6.362220
o    1130
     7.471698 5.272345 -6.895783
cd    1131
     10.549437 2.177792 -5.890244
h4    1132
     11.046849 1.262453 -5.618590
hn    1133
     8.474470 1.591593 -5.753670
nc    1134
     10.428717 1.798149 0.004259
nc    1135
     10.352503 1.592197 -2.167539
cc    1136
     11.110073 1.426343 -1.075582
c    1137
     12.492369 0.911718 -1.127863
cd    1138
     9.144786 2.086191 -1.793153
h4    1139
     8.359075 2.303871 -2.496215
hc    1140
     13.006860 0.823915 -0.152491
o    1141
     13.009070 0.613413 -2.163461
cd    1142
     9.199312 2.212726 -0.434940
h4    1143
     8.440934 2.582665 0.233692
hn    1144
     10.799213 1.759940 0.944580
nc    1145
     -6.433779 10.570104 -4.548180
nc    1146
     -6.731540 11.699176 -2.703875
cc    1147
     -7.214454 10.722172 -3.482364
c    1148
     -8.440903 9.968344 -3.156974
cd    1149
     -5.606647 12.200236 -3.275128
h4    1150
     -5.033511 12.998306 -2.835106
hc    1151
     -8.729510 9.187643 -3.885653
o    1152
     -9.070811 10.197370 -2.167433
cd    1153
     -5.426532 11.490457 -4.427300
h4    1154
     -4.650072 11.598214 -5.165242
hn    1155
     -6.601503 9.888448 -5.276290
nc    1156
     -12.032330 0.983581 2.464040
nc    1157
     -12.015847 -0.886609 1.338409
cc    1158
     -11.656916 -0.292046 2.483595
c    1159
     -10.944138 -0.998271 3.565957
cd    1160
     -12.641223 0.023227 0.548548
h4    1161
     -13.024898 -0.216695 -0.428310
hc    1162
     -10.706605 -0.389412 4.458499
o    1163
     -10.649336 -2.152563 3.470401
cd    1164
     -12.647828 1.189665 1.257848
h4    1165
     -13.043185 2.147758 0.966626
hn    1166
     -11.867783 1.630620 3.223773
nc    1167
     -13.003715 8.613939 -7.968826
nc    1168
     -13.005515 7.715377 -9.958176
cc    1169
     -13.006070 7.467082 -8.642069
c    1170
     -13.000740 6.101337 -8.082582
cd    1171
     -13.001603 9.059025 -10.151493
h4    1172
     -13.001297 9.508644 -11.129687
hc    1173
     -13.001289 6.037279 -6.978201
o    1174
     -12.996147 5.137076 -8.788705
cd    1175
     -13.000206 9.614402 -8.904383
h4    1176
     -12.985305 10.656927 -8.636093
hn    1177
     -13.004522 8.674141 -6.959220
nc    1178
     -11.976703 -8.469079 -12.999185
nc    1179
     -9.998872 -7.545460 -13.005412
cc    1180
     -11.318007 -7.313809 -13.002631
c    1181
     -11.894723 -5.955269 -13.011628
cd    1182
     -9.788596 -8.886565 -13.004866
h4    1183
     -8.804801 -9.323791 -13.005856
hc    1184
     -12.999822 -5.905164 -13.008683
o    1185
     -11.200857 -4.982190 -13.021433
cd    1186
     -11.028586 -9.457652 -13.001260
h4    1187
     -11.283712 -10.503531 -13.011706
hn    1188
     -12.985463 -8.542026 -12.995753
nc    1189
     -3.917857 9.438957 2.600572
nc    1190
     -2.133400 8.579144 1.683313
cc    1191
     -3.025989 9.575896 1.623658
c    1192
     -2.979551 10.634977 0.596767
cd    1193
     -2.449593 7.768384 2.725170
h4    1194
     -1.876374 6.893318 2.979535
hc    1195
     -3.777630 11.398325 0.661053
o    1196
     -2.129443 10.653818 -0.243108
cd    1197
     -3.565713 8.311260 3.293755
h4    1198
     -4.128539 7.952348 4.138426
hn    1199
     -4.687710 10.076797 2.753595
nc    1200
     -3.791526 12.989878 11.737105
nc    1201
     -4.904563 13.007408 9.859402
cc    1202
     -5.005779 13.001025 11.194880
c    1203
     -6.301281 12.997933 11.901971
cd    1204
     -3.590571 12.999135 9.518621
h4    1205
     -3.251896 13.002895 8.496708
hc    1206
     -6.242807 12.992066 13.006647
o    1207
     -7.337729 13.001580 11.306831
cd    1208
     -2.900692 12.987909 10.696615
h4    1209
     -1.834974 12.967095 10.847850
hn    1210
     -3.620035 12.984330 12.733845
nc    1211
     13.015324 -9.794252 7.708985
nc    1212
     12.991094 -9.528970 9.875542
cc    1213
     13.003181 -10.424670 8.879869
c    1214
     12.994248 -11.882350 9.110955
cd    1215
     12.994313 -8.280337 9.342924
h4    1216
     12.987225 -7.388086 9.945303
hc    1217
     13.005447 -12.510649 8.200528
o    1218
     12.976060 -12.339647 10.215029
cd    1219
     13.009180 -8.453412 7.988837
h4    1220
     13.004009 -7.701836 7.218015
hn    1221
     13.026669 -10.267142 6.815018
nc    1222
     9.900477 -9.599273 -13.000175
nc    1223
     8.625780 -7.827257 -13.006357
cc    1224
     8.643018 -9.166469 -13.004743
c    1225
     7.415155 -9.985333 -13.015936
cd    1226
     9.904542 -7.371694 -13.003875
h4    1227
     10.151552 -6.323835 -13.003640
hc    1228
     7.571053 -11.080529 -13.013776
o    1229
     6.330200 -9.484146 -13.026595
cd    1230
     10.695875 -8.484127 -13.000309
h4    1231
     11.770946 -8.540668 -13.009518
hn    1232
     10.159404 -10.576963 -12.997300
nc    1233
     12.895728 1.511400 -11.741819
nc    1234
     12.589347 2.624543 -9.889260
cc    1235
     12.719923 2.721344 -11.218684
c    1236
     12.675687 4.009225 -11.938211
cd    1237
     12.683137 1.318040 -9.532848
h4    1238
     12.608121 0.983951 -8.512172
hc    1239
     12.797227 3.947756 -13.036032
o    1240
     12.518217 5.042987 -11.359446
cd    1241
     12.874809 0.628081 -10.695150
h4    1242
     13.007591 -0.431731 -10.830164
hn    1243
     13.016455 1.337734 -12.730856
nc    1244
     12.141273 7.576060 -8.743332
nc    1245
     10.094638 8.331393 -8.818753
cc    1246
     11.222567 8.146981 -9.517006
c    1247
     11.366647 8.547433 -10.930226
cd    1248
     10.279984 7.870445 -7.555443
h4    1249
     9.512549 7.907747 -6.801338
hc    1250
     12.351707 8.338360 -11.388164
o    1251
     10.469205 9.062895 -11.527993
cd    1252
     11.560971 7.400155 -7.515116
h4    1253
     12.088267 6.965097 -6.683404
hn    1254
     13.073478 7.340000 -9.056698
nc    1255
     -8.254590 2.050447 -1.472687
nc    1256
     -6.789058 0.521445 -0.944202
cc    1257
     -6.958641 1.797290 -1.314674
c    1258
     -5.834003 2.732646 -1.511178
cd    1259
     -8.004896 -0.076197 -0.858541
h4    1260
     -8.130513 -1.107417 -0.576004
hc    1261
     -6.113297 3.758095 -1.818117
o    1262
     -4.700846 2.390517 -1.345857
cd    1263
     -8.916088 0.884731 -1.190315
h4    1264
     -9.987509 0.798546 -1.251053
hn    1265
     -8.622683 2.950800 -1.749819
nc    1266
     0.798125 -0.026896 -5.244882
nc    1267
     0.779178 0.465612 -3.118381
cc    1268
     0.178057 -0.236947 -4.087325
c    1269
     -1.000037 -1.092603 -3.845954
cd    1270
     1.818613 1.154003 -3.655473
h4    1271
     2.458805 1.794163 -3.072918
hc    1272
     -1.399156 -1.617934 -4.733925
o    1273
     -1.480620 -1.201165 -2.757063
cd    1274
     1.824548 0.841933 -4.984497
h4    1275
     2.490263 1.197237 -5.752379
hn    1276
     0.520067 -0.454482 -6.118257
nc    1277
     -7.388995 6.405380 4.989111
nc    1278
     -7.100694 7.472555 6.871383
cc    1279
     -6.596587 6.544230 6.048050
c    1280
     -5.347535 5.811393 6.332889
cd    1281
     -8.253064 7.952931 6.338410
h4    1282
     -8.845948 8.713293 6.817325
hc    1283
     -5.043293 5.070743 5.569583
o    1284
     -4.716569 6.015322 7.327234
cd    1285
     -8.427413 7.281634 5.162532
h4    1286
     -9.232550 7.371732 4.453520
hn    1287
     -7.208493 5.760007 4.231587
nc    1288
     -11.984222 -10.535228 11.564032
nc    1289
     -10.413635 -9.796221 12.887685
cc    1290
     -10.897034 -10.871488 12.252142
c    1291
     -10.276302 -12.207115 12.347564
cd    1292
     -11.205140 -8.729041 12.609432
h4    1293
     -11.020254 -7.745284 13.005741
hc    1294
     -10.776855 -13.008927 11.772842
o    1295
     -9.297085 -12.395178 13.006500
cd    1296
     -12.184667 -9.197894 11.782128
h4    1297
     -13.011225 -8.659235 11.351188
hn    1298
     -12.519809 -11.185484 11.004351
nc    1299
     5.875323 6.184250 0.930208
nc    1300
     3.968728 5.139916 1.128178
cc    1301
     5.092515 5.245000 0.407174
c    1302
     5.360966 4.419316 -0.786347
cd    1303
     4.016552 6.033901 2.148610
h4    1304
     3.224855 6.139606 2.870458
hc    1305
     6.327687 4.607533 -1.290119
o    1306
     4.576010 3.604579 -1.171676
cd    1307
     5.210364 6.683275 2.018790
h4    1308
     5.612328 7.473343 2.629755
hn    1309
     6.778710 6.438490 0.553135
nc    1310
     -3.858419 -8.885431 13.000901
nc    1311
     -4.967672 -7.005410 13.003346
cc    1312
     -5.071598 -8.340694 13.001446
c    1313
     -6.368504 -9.045150 12.992039
cd    1314
     -3.652952 -6.667343 13.002941
h4    1315
     -3.312203 -5.646115 13.005098
hc    1316
     -6.312272 -10.149957 12.990876
o    1317
     -7.403721 -8.447890 12.986123
cd    1318
     -2.965447 -7.846775 13.001120
h4    1319
     -1.899924 -8.000262 12.988349
hn    1320
     -3.688953 -9.882533 13.000427
nc    1321
     3.383331 -6.333175 4.508748
nc    1322
     2.066544 -5.764422 6.154203
cc    1323
     2.613415 -6.791722 5.491350
c    1324
     2.354589 -8.202042 5.841093
cd    1325
     2.488324 -4.603759 5.590516
h4    1326
     2.184373 -3.635443 5.949680
hc    1327
     2.869305 -8.952607 5.212220
o    1328
     1.633744 -8.498757 6.747058
cd    1329
     3.310536 -4.966433 4.562818
h4    1330
     3.832665 -4.331593 3.867534
hn    1331
     3.900005 -6.927577 3.874190
nc    1332
     7.165695 -12.951994 1.938224
nc    1333
     6.731703 -12.801632 -0.195779
cc    1334
     7.702117 -12.840044 0.726506
c    1335
     9.136095 -12.756919 0.387229
cd    1336
     5.529291 -12.889585 0.428117
h4    1337
     4.593138 -12.880894 -0.103451
hc    1338
     9.833420 -12.799987 1.244927
o    1339
     9.505023 -12.650246 -0.744559
cd    1340
     5.807773 -12.982987 1.761328
h4    1341
     5.118844 -13.057320 2.585290
hn    1342
     7.706907 -13.000521 2.791258
nc    1343
     -1.304358 -0.302528 6.748886
nc    1344
     -1.852107 1.546353 7.771890
cc    1345
     -2.301954 0.370532 7.314867
c    1346
     -3.709446 -0.055043 7.442008
cd    1347
     -0.526457 1.646088 7.497152
h4    1348
     0.063500 2.504843 7.768286
hc    1349
     -3.947780 -1.049977 7.021216
o    1350
     -4.527191 0.640265 7.967622
cd    1351
     -0.190774 0.487604 6.857653
h4    1352
     0.768358 0.191888 6.468194
hn    1353
     -1.407662 -1.218986 6.333720
nc    1354
     -0.128141 12.625578 3.783093
nc    1355
     -1.920821 12.604489 5.028397
cc    1356
     -0.588612 12.466848 5.020556
c    1357
     0.195516 12.173636 6.236074
cd    1358
     -2.343406 12.858737 3.763661
h4    1359
     -3.379490 13.009363 3.512933
hc    1360
     1.288414 12.084468 6.089842
o    1361
     -0.329516 12.043631 7.301845
cd    1362
     -1.218242 12.870252 2.990614
h4    1363
     -1.137631 13.026320 1.928444
hn    1364
     0.850420 12.565965 3.534508
nc    1365
     -4.893931 4.114120 1.594837
nc    1366
     -7.068493 3.991075 1.449678
cc    1367
     -6.003515 4.792224 1.316374
c    1368
     -6.110164 6.211196 0.924636
cd    1369
     -6.645439 2.757324 1.826055
h4    1370
     -7.319403 1.935316 1.996637
hc    1371
     -5.152505 6.760131 0.851675
o    1372
     -7.168659 6.720369 0.703821
cd    1373
     -5.285758 2.841303 1.915172
h4    1374
     -4.584986 2.074399 2.197729
hn    1375
     -3.965757 4.514375 1.559926
nc    1376
     -1.101753 12.291694 -10.427189
nc    1377
     -2.128898 10.426874 -10.909217
cc    1378
     -1.793169 11.272187 -9.926099
c    1379
     -2.157585 11.046616 -8.513784
cd    1380
     -1.643991 10.904589 -12.083709
h4    1381
     -1.785941 10.398809 -13.023421
hc    1382
     -1.817327 11.822635 -7.802602
o    1383
     -2.779837 10.083970 -8.175341
cd    1384
     -1.003071 12.069835 -11.775242
h4    1385
     -0.477829 12.739517 -12.434566
hn    1386
     -0.742714 13.056130 -9.870719
nc    1387
     6.249364 -9.543722 1.369337
nc    1388
     7.471610 -9.730632 3.168256
cc    1389
     7.490923 -9.522280 1.845378
c    1390
     8.737739 -9.315118 1.083246
cd    1391
     6.184698 -9.893710 3.568306
h4    1392
     5.909888 -10.074561 4.593389
hc    1393
     8.612165 -9.154409 -0.004028
o    1394
     9.806014 -9.323081 1.619114
cd    1395
     5.426287 -9.776023 2.439284
h4    1396
     4.357277 -9.855972 2.339849
hn    1397
     6.017854 -9.408198 0.394162
nc    1398
     1.098431 -10.732481 -8.467559
nc    1399
     1.615597 -12.826971 -8.800095
cc    1400
     0.813450 -11.822022 -9.174828
c    1401
     -0.220843 -11.966338 -10.217768
cd    1402
     2.446164 -12.384377 -7.821808
h4    1403
     3.187480 -13.011377 -7.356682
hc    1404
     -0.814933 -11.057768 -10.430656
o    1405
     -0.393881 -13.003098 -10.786640
cd    1406
     2.117441 -11.075014 -7.618738
h4    1407
     2.542092 -10.379820 -6.914864
hn    1408
     0.620516 -9.848081 -8.578749
