INITIAL CONFIGURATION                                                           
         2         1    500000   9.9999999999017689E+02
   1.0000000000000000E+02   0.0000000000000000E+00   0.0000000000000000E+00
   0.0000000000000000E+00   1.0000000000000000E+02   0.0000000000000000E+00
   0.0000000000000000E+00   0.0000000000000000E+00   1.0000000000000000E+02
nc               1
   1.7717967793290853E+01  -9.6489022200402630E+00  -2.1420570843793822E+01
   5.0100317044019542E+00   5.0721652525483911E+00  -1.1242371603197052E+00
   3.4707053500049947E+03  -1.0039069237125605E+04   5.5945068664428591E+03
nc               2
   1.8133168880253780E+01  -9.4821417950899800E+00  -1.9110936443381590E+01
  -5.2630587982886379E+00  -7.9484640369844612E+00  -6.4421148064736329E+00
  -2.3678636934943465E+03   1.0055029096421775E+04  -2.0033365333171407E+03
cc               3
   1.7993721210123134E+01  -1.0243607124878171E+01  -2.0218619732114927E+01
   1.9358741157438579E+00  -2.2534794200773995E+00   6.3802881182450220E+00
   4.9202017467177984E+03  -2.0267772853629274E+04  -1.5780941326364353E+04
c                4
   1.8240470841720004E+01  -1.1709168035898442E+01  -2.0221316096944022E+01
  -5.7948544903236030E+00   2.0791391700236845E+00   5.8271886893093869E+00
  -4.7676166997577620E+03   1.8435967809126734E+04   3.4714946060499969E+03
cd               5
   1.7904538813405836E+01  -8.2929938027052383E+00  -1.9671975590490927E+01
   5.2571705739143377E+00   7.4539296443115992E+00  -6.8055282319850550E+00
   7.2726406851990141E+03  -1.6497723734709041E+04   2.3471062494648781E+03
h4               6
   1.7972390592855788E+01  -7.4367846937199635E+00  -1.9104339861012768E+01
  -1.2440164999635385E+01  -2.0231104837972969E+00   3.8740010641657712E+00
  -1.7764176238481873E+03   1.2600145300097853E+04   9.5158625763971304E+03
hc               7
   1.8254436585759457E+01  -1.2188613111823260E+01  -2.1170841635768639E+01
  -7.1079387297750545E+00  -9.7941836372683575E+00  -1.6534298643485201E+01
  -1.2880928776429191E+03  -4.5753966026038424E+03  -1.1787959615628035E+04
o                8
   1.8422968489335791E+01  -1.2325707243914557E+01  -1.9225231591935739E+01
   4.6899256205078723E+00  -2.3465002659683223E-01  -1.0957584116512679E-01
   3.5329339815379490E+03  -8.5721167403539876E+03   1.3672465184653371E+04
cd               9
   1.7705464457855669E+01  -8.4190794550599861E+00  -2.1064326485082930E+01
   4.1390098058249567E+00   6.7135123519891717E+00  -2.2557046939231720E-01
  -1.6890600283528962E+04   1.7682866049027172E+04  -1.2148445301532360E+04
h4              10
   1.7354451232449534E+01  -7.6725416149735457E+00  -2.1786011434381493E+01
  -1.4805484898926771E+01  -1.1042551508278219E+01   2.9082490702064298E+01
   7.2891224536545078E+03  -7.6074775909737855E+02   1.9081046922924963E+03
hn              11
   1.7574360711125721E+01  -1.0070775744228243E+01  -2.2360322619506157E+01
   2.1034117224614651E-01  -1.6698950108983624E+01   4.3996911547161677E+00
   6.0498696115791608E+02   1.9388186728455796E+03   5.2111426015411635E+03
