INITIAL CONFIGURATION                                                           
 ENERGY UNITS = kcal/mol 
         1  1.000000E-10        44
 -3.317489E+02  0.000000E+00 -3.317489E+02 -1.143108E+03 -1.516232E+03
  6.849417E+02  1.189023E+03  4.536267E+02  0.000000E+00 -1.186991E+03
  0.000000E+00  2.565728E+03 -6.731210E+03  1.516319E+03  7.780618E+03
  0.000000E+00  0.000000E+00  0.000000E+00  4.121736E+04  0.000000E+00
  0.000000E+00  0.000000E+00  9.000000E+01  9.000000E+01  9.000000E+01
  0.000000E+00 -1.422767E+00  5.858130E-19  5.932203E-19  7.102505E-18
  4.721194E-19  7.322355E-18  6.191639E-19  6.311462E-19  1.091478E-19
 -1.263563E+00 -7.326100E-01  1.252464E+00 -7.326100E-01 -1.894554E+00
  7.920897E-01  1.252464E+00  7.920897E-01 -1.110182E+00
