INITIAL CONFIGURATION                                                           
 ENERGY UNITS = kcal/mol 
         1  1.000000E-10        44
  1.932623E+02  0.000000E+00  1.932623E+02 -1.168448E+03 -9.658812E+02
  6.849417E+02  1.189023E+03  4.536267E+02  0.000000E+00 -2.647204E+03
  0.000000E+00  8.521398E+03 -2.251881E+02  9.659681E+02  7.780618E+03
  0.000000E+00  0.000000E+00  0.000000E+00  4.121736E+04  0.000000E+00
  0.000000E+00  0.000000E+00  9.000000E+01  9.000000E+01  9.000000E+01
  0.000000E+00 -4.725349E+00  5.858130E-19  5.932203E-19  7.102505E-18
  4.721194E-19  7.322355E-18  6.191639E-19  6.311462E-19  1.091478E-19
 -4.701671E+00 -7.037625E-01  1.215813E+00 -7.037625E-01 -5.029160E+00
  8.854473E-01  1.215813E+00  8.854473E-01 -4.445217E+00
