argc= 3
1B = 3.1097296775e+02
2B = 2.2899660808e+03
3B = 4.6790711578e+01
Disp = -1.3548179077e+03
Buck = 0.0000000000e+00
Elec = -2.9307986349e+03
Total = -1.6378867824e+03

Energy=           -1637.8868
      1.81258893e+01      3.90984914e-01     -1.90071118e+00
      9.12165223e+00     -9.02881092e+00      6.57473167e-01
     -1.85766013e+01      5.61810111e+00      1.32762347e+01
      2.32731045e+00     -1.35372612e+01     -4.69194403e+00
     -1.03318285e+01      1.29974924e+01     -8.00441589e+00
      1.12456000e+01     -1.94897450e+00      1.22575111e+01
     -1.50438062e+01      6.80105136e+00      1.63618488e+01
      3.07103820e+01     -5.77349227e+00     -1.12195186e+01
     -1.37667427e+01     -5.41380565e+00     -7.44947811e-01
     -1.35583836e+01      1.05262370e+01     -3.83481285e+01
      8.84327388e+00     -7.48503883e+00      1.32480998e+01
      7.38080761e+00     -2.03132687e+00      2.39405178e+01
     -2.57522068e+01      3.54680253e+01     -9.89729409e+00
      1.66812425e+01     -2.32236596e+01      1.09525510e+01
      6.33194914e+00     -5.64028205e+00      2.85811943e+00
      1.70765431e+01      6.56496395e+00      1.04254211e+00
     -1.16301763e+01     -4.26844026e+00     -1.00523967e+00
      5.55427637e-02     -5.28151371e+00     -5.96399457e+00
     -1.25420939e+01      7.10548053e+01     -7.26438583e+00
      7.64067067e+00     -7.02074850e+01     -5.61867130e+00
      4.55983317e+00     -9.13103455e+00      1.01208833e+01
      6.09632978e+00     -1.86406021e+01      2.55924071e+00
     -3.86057526e+00      4.83813389e+00     -7.26930604e-01
     -3.46229048e+00      7.85562131e+00      1.48105260e+00
      7.36591269e+00      4.98114538e+00     -1.71415094e+01
     -1.96929841e+01     -8.86162722e+00      9.00940894e+00
      1.18296735e+01      2.72784275e+00      4.32770764e+00
      1.62115908e+01      8.66962824e+00     -5.94374116e+00
     -2.58340544e+01      2.10193213e+00      1.26458937e+01
      8.87900719e+00     -1.14093519e+00     -3.75300045e+00
      5.84216868e+00      2.40675847e+00      5.47554075e+01
     -8.98935622e+00      4.15738530e+01     -2.25039034e+01
     -6.10294769e+00     -4.08344491e+01     -4.20576383e+01
      1.50035510e+01     -3.09009005e+00      1.59689964e+01
     -9.59691761e+00     -6.25576203e+00      6.27056181e+00
     -5.45784663e+00      3.48478844e+00     -2.21522923e+01
      4.09965011e-03     -3.33156435e+00      3.69221363e+01
      1.30140633e+00     -1.14640203e+01     -7.19690612e+00
     -4.61701582e-01      3.65471038e-01     -2.06143480e+01
      9.97680438e+00     -1.03707058e+01     -1.14884731e+01
     -3.37939496e+00      6.58015665e+00     -1.23549039e+00
     -6.82547608e+00      1.56519002e+01      8.77468177e+00
     -3.94490750e+01     -4.74360430e+00      4.80677168e+00
      2.59343883e+01     -3.19922840e-01      2.09608424e+01
      1.52929266e+01      4.26553081e+00     -1.83047971e+01
     -3.82636447e+00      1.94957694e+01      1.74600780e+01
      2.31496328e+01     -1.49415315e+01     -1.74299651e+01
     -1.50649738e+01     -6.95397042e+00     -8.85796071e-01
     -4.01359002e+01      2.64456882e+01      2.84254179e+00
      3.14253350e+01     -2.57209593e+01      4.59114096e+00
      7.70108986e+00     -5.05332984e+00     -3.51264180e+00
      2.98684035e+00      2.61598375e+01     -4.63492344e+00
     -2.68800308e+00     -4.20073095e+01      1.01614159e+01
      6.42176857e+00      1.32745633e+01     -6.67970983e+00
     -1.10087769e+01     -1.95510456e+01      6.83887712e+01
      7.25742076e-01      4.67961654e+01     -4.88160408e+01
      1.98303958e+01     -1.96055074e+01     -2.28845358e+01
     -1.12233971e+01     -2.31645643e+01     -1.05609143e+01
      1.18091046e+01      3.25071125e+01      2.93775609e+00
      1.02249284e+00     -1.05548399e+01     -3.53808215e+00
      9.58992895e-01     -2.26212142e+00      1.13205662e+01
      6.13096748e+00     -4.97467515e-01     -5.44370509e+00
     -9.09967847e+00      1.26576208e+00     -9.92893747e+00
     -3.89952075e+00     -3.23494994e+00      2.68563787e+00
     -2.55778643e+00      1.49140947e-01     -1.42468492e+00
     -4.54942066e-01      4.00644555e+00      2.77758276e+00
      4.95946998e+01      1.54522039e+01     -1.79423300e+00
     -3.73494199e+01     -2.21131459e+01     -3.16880345e+01
     -1.43526365e+01      3.86008818e+00      3.00377028e+01
      6.72330225e-01     -3.20540352e+00     -6.51836136e+00
      3.54460465e+00      3.76905669e+00     -5.06904170e+00
     -9.61189805e+00     -2.06367891e+00      6.48726894e+00
      4.93881717e+00      1.34813997e+00      1.29559307e+01
     -1.64755936e+01     -2.98942183e+00     -5.16941135e+00
      5.58940235e+00     -5.30044153e+00     -2.12387831e+00
      6.71480341e+00      2.90191505e+01      1.64371671e+01
     -1.22748090e+01     -4.25061230e+01     -2.64722368e+01
      3.83110375e+00      1.78058740e+01      5.77883747e+00
     -5.23847773e+01     -1.96904669e+01     -2.89996193e+00
      5.53246890e+01      2.30439277e+01     -1.11818200e+00
      2.78665637e+00      3.14781145e+00      6.81753055e-01
      1.29681297e+01      5.28316420e+01     -2.73537255e+00
     -3.16164622e-01      4.54721601e+00     -5.54859182e+00
     -1.96484170e+01     -6.45809635e+01      1.16249657e+01
     -1.49673631e+01      1.29588983e+01     -2.66101215e+00
      1.57922057e+01     -9.79800998e+00     -2.46393062e-01
      6.14643532e+00     -4.34830165e+00      8.86764419e-01
     -3.48838175e+01      1.08507379e+01     -4.74593524e+00
      2.49601767e+01     -2.10524724e+01      1.22289574e+01
      5.80429317e+00      4.29303277e+00     -5.94048313e+00
     -2.68915578e+00     -1.77018274e+00      1.42949624e+01
     -5.77087669e+00      3.71998692e+00      1.88887836e+00
      7.81282396e-01     -3.70294628e+00     -1.42681634e+01
     -1.33951862e+00      7.40557035e+00     -2.44962681e+01
      2.42597700e+00      2.72731393e+00      1.76977028e+01
      7.81088432e-01     -9.49438385e+00      1.80513642e+00
      9.08593756e+00     -1.28598299e+01      2.28226514e+01
      3.96984121e+00      2.19931912e+01     -1.57437244e+01
     -1.45388630e+01     -9.50707387e-01     -1.89937232e+01
      4.14083167e+00     -2.16582039e+01      1.89260403e+01
     -8.73477106e+00      1.73221576e+01     -1.86810859e+01
      9.59493770e+00      2.79786062e+00      2.10377065e+00
     -1.35828491e+01      1.75206620e+01     -8.78474139e+00
      8.40873062e+00     -4.73741977e+00      6.10652783e-01
      1.24522635e+00     -9.10561900e+00      3.03163929e+00
      1.80280441e+01     -7.85341981e+00     -9.96162113e-01
      7.56560648e+00     -1.34200795e+01     -1.44947772e+00
     -2.34676656e+01      1.60512638e+01      1.85493045e+00
     -1.68898763e+01     -5.66483252e+00     -6.70898048e+00
      3.72430500e+00     -1.31086832e+01     -5.87385712e+00
      1.82312012e+01     -2.77184401e+00      2.58741424e+01
     -1.75504984e+01     -5.26877500e+01      5.66084306e+01
      3.28269833e+00      5.58545439e+01     -5.15670751e+01
      2.49982874e+01     -7.06544772e+00     -1.86751388e+00
      1.93726361e+01     -3.49801647e+01     -4.61507539e+01
     -3.45907441e+01     -3.19613831e-01      2.09633321e+01
      1.00648187e+01      2.35531526e+01      1.88088627e+01
      4.22491265e+01      2.10504783e+01      3.63588849e+01
      1.09289142e+01     -1.68374048e+01     -5.99900494e+00
     -4.20954795e+01     -5.65982320e-01     -1.58898814e+01
     -2.70568694e+01     -8.09728735e+00     -8.31386234e+00
      7.65250858e+00     -3.79793019e+00     -7.28123884e-01
      1.18499703e+01      5.68988085e+00     -1.52240008e+00
      1.00317093e+01      6.26029312e+01      3.05876368e+01
     -2.21092627e+01     -6.04973324e+01     -4.07720095e+01
      1.57316921e+01     -5.04686193e+00      1.55194832e+01
      4.29586435e+01     -1.41155263e+01      2.77463831e+01
     -2.78579503e+01     -4.60207369e+00      9.07241407e+00
     -1.58489170e+01      7.33545640e+00     -3.37557722e+01
      2.66515297e+01      2.59278175e+01     -1.09778121e+01
     -5.38756255e+00     -2.01456763e+01      9.95089976e+00
     -1.64118807e+01     -9.76775718e+00     -2.24034842e+00
     -1.93118145e+00      1.17876509e+01     -4.37852798e+00
      2.15361631e+01     -1.08962614e+01      1.36040434e+01
     -1.86006499e+01      1.95527645e+00     -1.82743406e+01
     -8.97465221e+00     -2.40792889e+01     -8.36311968e+00
      6.65326378e+00      1.48523179e+01     -7.47435877e+00
      3.35566266e+00      9.18451412e+00      1.08981190e+01
      2.91785948e+01     -1.82909953e+01     -7.59449911e+01
     -2.68927182e+01      2.14910915e+01      8.51022665e+01
     -2.69625236e-01     -4.25356157e+00     -5.39685556e+00
     -6.97654040e+00     -1.49836195e+01      1.84351606e+01
      8.51083672e+00      7.58859604e+00     -7.60767763e+00
     -1.67413017e+00      3.76394533e+00     -1.52024505e+01
     -1.05829621e+01     -1.21759611e+01      9.99779158e+00
      4.94268936e+00      2.87278314e+01     -9.21065486e+00
      5.79844865e+00     -9.56008823e+00     -1.27578652e+00
      3.99048140e+01      1.77697693e+01      1.34454635e+01
     -3.55181343e+01     -4.15004198e+01     -7.42106541e+00
     -3.17792739e-01      1.94838721e+01     -1.39531351e+01
      1.55340377e+01     -1.14643013e+01      1.42885448e+01
     -1.49983453e+01      4.43298569e+00     -1.29426763e+01
      2.63839679e+00      1.51296163e+01     -4.37592318e+00
      4.74493058e+00     -1.39143244e+01     -2.11895936e+00
     -5.79388811e+00     -6.96856164e+00      1.37845817e+00
      1.67088637e-01      2.40634427e+01      5.60195910e+00
     -2.95236830e+01      9.91530889e+00     -8.90628740e+00
      2.88461172e+01     -1.35723383e+01      2.23384811e+01
      6.94503348e+00     -2.50236209e+00     -1.44945204e+01
      4.04077815e+01     -3.70896843e+01      4.87607795e+00
      3.98731784e+00      1.28664437e+01     -1.88310248e+01
     -4.11117538e+01      2.08723736e+01      1.54893054e+01
      2.32303051e+01     -8.86165046e+01     -6.56621701e+01
     -2.45622350e+01      7.87756442e+01      5.16006440e+01
      1.68139774e+00      8.95260721e+00      2.09057296e+01
     -1.04650007e+01     -8.38023072e+00      1.04552616e+01
     -4.14116841e+00      1.35218120e+00     -4.46986107e+00
      1.43985557e+01      5.41967211e+00     -9.70357857e+00
      6.53345553e+01     -3.57027075e+01      8.05727666e+00
     -4.52346006e+01      6.98728547e+00      1.74587481e+01
     -2.11931952e+01      2.87813122e+01     -2.77066253e+01
      8.37704159e+01     -2.30695116e+01      2.58952424e+01
     -7.34607210e+01      3.99719141e+01     -2.83690810e+01
     -1.30478477e+01     -2.32401027e+01      7.10685918e+00
      3.31326793e+01     -2.06372721e+01     -4.27621729e+01
     -1.85743540e+01     -1.64975062e+01      2.97873456e+01
     -9.46181775e+00      3.47319294e+01      1.31024307e+01
      2.44906179e+01      3.80105124e+01      2.96222612e+01
     -2.27477309e+01     -3.62067086e+01     -2.55909887e+01
      1.40300055e+00     -4.77838522e+00     -1.45035667e+00
      3.49779205e+01     -1.89244930e+01     -4.42690650e+01
     -2.00216297e+01      2.62060510e+01      3.68312913e+01
     -7.12655123e+00     -1.48110304e+00      1.50966451e+00
      2.70636544e+01     -7.31020840e+00     -4.50880051e+01
     -4.15217281e-02     -7.71039044e+00      2.55062471e+01
     -2.46368633e+01      1.99674179e+01      1.27954650e+01
     -2.91688930e+01     -1.26323456e+01      2.64095897e+01
      2.68935308e+01      2.14250425e+00     -1.63894481e+01
      2.94301964e+00      1.46068290e+01     -1.05742077e+01
      1.67933043e+01     -1.51790079e+01      1.03177441e-01
     -1.03425296e+01      1.92512754e+01     -2.38979319e+01
     -2.65405447e+00     -3.09531007e+00      2.60737140e+01
      6.21935714e+00     -8.39433883e+00     -8.80171944e+00
      1.15483201e+01     -1.02008427e+01      1.10336542e+01
     -1.71363505e+01      1.65807926e+01      3.76652259e-01
      3.70022457e+01     -5.54736040e+00     -2.48376076e+01
      3.20425344e+00     -2.38174991e+01      9.80115460e-01
     -4.05578196e+01      2.82767107e+01      1.93999084e+01
      3.02847565e+01     -5.44507096e+01     -6.63689552e+00
     -2.63318153e+01      2.85885370e+01      2.15705381e+01
     -7.60419934e+00      2.06415069e+01     -8.88210861e+00
      2.74336859e+01     -3.86851757e+01      3.85856250e+00
      1.04483463e-01      2.06121755e+01      1.55455728e+01
     -2.78967075e+01      1.95091805e+01     -2.46786847e+00
     -7.36461559e+01     -1.21498971e+01     -1.05901363e+01
      7.29077850e+01      6.11239541e+00      1.12612591e+01
      4.07680228e-01      1.98082358e+00      6.50843801e+00
     -9.57004790e+00      7.33425050e+00     -5.98450166e+00
      9.67251213e+00     -6.30361899e+00      1.18141395e+00
     -2.83511871e+00     -1.24699177e+00     -9.95467140e+00
      4.00892186e+01     -3.06927955e+01      1.21022912e+01
     -3.97669926e+01      8.50078783e+00     -1.23342208e+01
      4.88281610e-01      2.58879525e+01      1.67100482e+00
     -3.38791241e+01     -2.20236946e+00     -8.49459484e-01
      2.04929893e+01     -1.56194573e+01      1.16474090e+01
      1.26321811e+01      1.35530180e+01     -5.44736097e+00
     -2.56319473e+01      9.65091147e+00      1.49174053e+01
      1.09625341e+01      3.00462372e-01     -1.94010265e+01
      8.98032735e+00     -1.45831988e+01      5.08831462e+00
     -3.84725261e+01     -5.11280054e+00      1.70983351e+01
      2.34790391e+01      3.23069835e+00     -1.38296123e+01
      3.25387760e+00      3.77907284e+00     -1.33662035e+01
     -1.98694363e+01      5.59220625e+00     -2.54475799e+01
      3.24768221e+01     -1.43951705e+01      1.96626291e+01
     -5.64669530e+00      5.71630218e+00      2.35166146e+00
      3.52541945e+00      9.93529146e+00     -1.34852282e+01
     -8.21093664e-02      8.11044670e+00     -3.56325713e+00
     -1.74834737e+01     -1.59673916e+01      1.09950433e+01
     -1.27417848e+01     -9.82314870e+00      1.33588170e+01
      2.28680906e+01      6.07160618e+00     -2.25756982e+00
     -5.63929344e+00     -6.28044977e-01     -1.34947720e+01
      2.77131679e+01     -1.15501047e+01     -6.75055758e+00
     -1.99604233e+01     -8.07349477e+00     -6.59939538e+00
     -9.89457705e+00      1.80529649e+01      7.89267024e+00
      7.43464975e+00     -6.18419086e+00      1.06843003e+01
     -1.22614084e+01      9.35225965e+00     -9.76087731e+00
      1.34620161e+01     -9.64572199e+00     -4.01117449e+00
     -1.24514321e+01      1.48471198e+01     -1.65842941e+01
      4.22383011e+00     -7.38170152e+00      1.04255524e+01
      6.63081298e+00     -6.22834292e+00      4.80181529e+00
      7.08735280e+01      2.03695552e+01      1.63136988e+01
     -4.68141476e+01      7.31155426e+00      2.52506767e+00
     -1.89122894e+01     -2.95850538e+01     -9.34246791e+00
     -1.92844659e+01     -9.28963861e+00     -2.20519785e+01
      1.31484909e+01      1.38951883e+01      3.74386255e+01
      1.01762690e+01     -9.16830781e+00     -2.00583338e+01
      6.67453332e+00      8.02997161e+00     -8.98743357e-01
      1.18625037e+01      4.88075392e+00      6.02956615e-01
     -1.29026020e+01     -3.72501646e+00     -1.65527898e+00
      1.36688043e+01      4.75019793e-01     -1.48235886e+01
      3.69839206e+00      6.06123509e+00     -8.54647455e+00
     -2.49258694e+01     -7.08920534e+00      3.21479802e+01
      8.78657330e+00     -5.27172660e+00     -6.23009109e+00
     -3.24182125e+00      1.78451876e+01      1.70720440e+01
     -8.71231983e-01     -2.04326393e+01     -1.18838029e+01
      2.62492130e+01      2.63457872e+01      2.22500891e+00
     -1.32285377e+01     -4.13573709e+01     -7.88328765e-01
     -1.05290887e+01      1.80139024e+01      4.70957941e+00
      8.26428579e+00      2.10003801e+01      1.82646593e+01
     -1.24458556e+00     -2.03456818e+01     -2.01507488e+01
     -8.64568178e+00      6.80725475e-01     -3.01715982e+00
     -3.96578912e+00      1.02680048e+01     -5.60045252e+00
      3.17741110e+00      4.13491631e+00      4.17431033e+00
      8.96328604e-01     -1.74614701e+01      3.89628367e+00
      9.59570907e+00      6.73305798e+00      3.64459870e+01
     -1.03167917e+00     -9.67359694e+00     -5.41003901e+00
      7.46758792e+00     -6.70629191e+00     -3.32004496e+01
      3.96431227e+00     -1.73980193e+01      6.01891756e+00
     -1.06056433e+01      1.00022154e+01     -1.23928648e+00
      7.03528591e+00      7.94721059e-01     -7.09776275e+00
     -1.50487100e+00     -3.00404030e+01     -1.53201674e+01
      1.02512987e+01      1.56557047e+01     -1.31949396e+01
     -4.17060060e+00      1.70917051e+01      2.94991095e+01
      2.12358502e+01      1.27561063e+01      1.91390133e+00
     -2.43745376e+01     -1.83569783e+01      3.53821293e+00
     -5.78389992e-01      8.88890492e+00     -5.71730469e+00
      1.17003399e+01      3.97610352e+01     -1.41218011e+01
     -6.04795075e+00     -2.64080961e+01      2.91044230e+01
     -6.50806433e+00     -1.21974384e+01     -8.58093959e+00
     -5.55961905e-01      1.27986172e+01     -4.55346488e+00
      2.48940888e-02      1.39692019e+01      1.65559625e+01
      1.57534462e+00     -2.22917760e+01     -1.53519609e+01
     -9.40225447e+00      4.52679022e+00      4.00736298e+00
      9.81739716e+00     -1.60781688e+00     -2.00520002e+00
     -7.59149893e-02      7.07987890e+00     -4.45995409e+00
      2.62759873e+01     -1.85505645e+01      3.47556915e+01
     -6.57768759e+00      6.61219293e+00     -7.05206319e-02
     -1.18577819e+01      2.86880768e+01     -2.43888259e+01
      4.93701424e+00      2.06699394e+01      3.87216513e+01
      7.00364067e-01     -9.70488215e+00     -1.64463759e+01
     -1.74568254e+00     -1.13422257e+01     -1.82031948e+01
      2.17531072e+01      2.35313685e+01      9.82611702e+00
     -8.85707947e+00     -2.49283111e+00      7.19069338e+00
     -5.64760025e+00     -2.32861899e+01     -1.69256137e+01
     -2.33542773e+01     -2.25143459e+01     -2.63306506e+01
      2.82805213e+01      2.78693278e+01      3.08592765e+01
     -4.66461699e+00     -3.33044960e+00     -5.13425415e+00
      1.68596627e+00     -2.39017499e+01      1.39155286e+01
     -8.82715322e+00     -2.13040586e+00     -1.08516812e+01
      1.60030262e+01      2.92399302e+01     -6.80004066e+00
     -2.12009920e+01      9.26973137e+00      2.54511809e+01
      1.71141650e+01     -6.69812195e+00     -9.71395435e-01
      4.97227408e+00     -6.63320441e+00     -2.24936452e+01
     -1.24067611e+01     -4.09252771e+01     -5.90301073e+00
      1.60474159e+01      1.80379371e+01     -8.50542782e+00
     -1.17761751e+01      1.91932154e+01      1.37553879e+01
      1.40356173e+01      7.56909794e+00      3.67691740e+00
     -6.49653844e+00     -1.53772714e+00     -1.01780401e+01
     -9.75443390e+00     -1.00621404e+01      1.57552765e+00
     -2.87012321e+01      9.87716114e+00      7.29169235e+00
      2.96075352e+01     -2.76297855e+00     -1.52479586e+01
     -1.14326196e+00      2.38908219e+00     -4.44813888e+00
     -1.80720795e+01     -1.25550890e+01     -2.90085498e+01
     -2.47252003e+00      1.32872133e+01      1.96969655e+01
      2.20921704e+01     -1.85108111e+00      6.54916198e+00
      2.63640392e+01      2.79191799e+00     -4.67811850e+01
      3.51244052e+00      4.70615997e+00      1.54168107e+00
     -3.53237671e+01     -8.05520070e+00      4.51775603e+01
      1.47476384e+01     -3.19078951e+01     -2.70705301e+01
     -9.11747342e+00      1.70255826e+01      1.83507586e+01
     -1.64013184e+01      1.73156346e+01     -8.20061537e+00
      3.74712806e+01     -1.31812158e+01     -9.87707527e+00
     -2.67561100e+01      1.43527920e+01      8.26339300e+00
     -7.49786955e+00     -2.62876905e-01      9.12385500e-01
     -2.50173323e+00      1.47495992e+01      2.23141024e+00
     -7.22375149e+00     -1.55171950e+01     -3.35362684e+00
      1.77798589e+00      1.05467637e+01      6.35490705e+00
      6.54601591e+00     -1.49929564e+01      1.52761039e+01
     -2.31685085e+00      9.64003006e+00      6.68591968e+00
     -1.58312542e+00      1.57704542e+00     -1.09976085e+01
      1.84727214e+00      3.13432478e+00     -3.96278577e+00
      5.05926021e-01     -2.25069630e+00      3.95017268e+00
     -7.69602493e-02     -1.45207938e+00     -5.48776900e-01
     -5.35157681e+01      8.03354038e+00      4.60886154e+01
      4.46572686e+01     -2.90705062e+00     -5.61195135e+01
      1.37551490e+01     -8.29504523e-01      1.72835346e+01
      1.19687390e+01     -9.55581398e+00     -2.64308837e+01
     -7.54861681e+00      8.58566403e+00      7.65212481e+00
     -1.57554713e+00     -3.52820558e+00      1.44760756e+01
     -5.38939807e+00      4.30452414e+00      1.78399612e+01
     -4.11229426e-01      2.26071851e+00     -2.07695260e+01
      4.23454156e+00     -1.99492779e+00      2.21224098e+00
      4.54635213e+00      1.71135363e+01      7.22580921e+00
     -1.40720290e+00      6.02135046e+00      5.86776166e+00
     -5.17047589e+00     -1.27516399e+01     -1.81654267e+01
     -1.74144820e+01     -1.93173035e+01      2.54174255e+01
      2.13212001e+01      2.59481281e+01     -1.81145930e+01
      1.03755463e+00     -2.64503291e+00     -2.63320038e+00
     -2.63638269e+01     -1.50279578e+01     -2.79603615e+00
      2.06019171e+00      2.02821109e+01      6.54015709e+00
      2.65376003e+01     -2.19567739e+00      1.10644531e+00
     -9.75099595e+00     -1.08140606e+01      4.31224706e-01
      1.73377514e+01      1.31201409e+01     -2.25420371e+01
     -1.31887626e+01     -2.96566854e+00      1.34017954e+01
     -3.41203656e+01      1.48980221e+01      3.33947867e+01
      2.78968474e+00     -1.27255850e+01     -1.88287813e+01
      2.75280036e+01     -1.62687387e+00     -1.60802912e+01
      1.51930572e+00     -1.61430068e+00     -7.72883234e+00
      5.50789688e+00      1.54094001e+01      1.60493992e+01
     -1.22132912e+01     -1.59071130e+01     -1.07529130e+01
      6.36625661e+00      7.33811482e+01      4.51653210e+00
      1.30048589e+01     -4.83766348e+01      5.95221987e+00
     -1.72306782e+01     -1.11064448e+01     -7.79028027e+00
      3.04032970e+01     -3.79155226e+00     -1.87247068e+01
     -7.80074216e+00      9.63778520e+00     -1.11322641e+00
     -2.43506406e+01     -3.78441318e+00      1.52858521e+01
     -4.46009315e-01      4.87180840e+01      7.53134734e+00
      3.21076432e+00     -4.39515367e+01     -9.56114171e+00
     -2.67116230e+00     -4.67272888e+00      3.46315830e+00
     -6.52551983e+00      4.56052513e+00      6.06400823e+01
      1.22163836e+01     -9.60542905e+00     -5.02985244e+01
     -4.46513975e+00      6.77024470e+00     -8.99549440e+00
      2.48507829e+00     -5.91100740e-01     -6.14208348e-02
      1.34881368e+01      7.39901842e+00      1.31364560e+01
     -1.47012286e+01     -5.77965959e+00     -9.48239951e+00
      3.88651087e+00     -6.33180050e+00     -2.80685395e+01
     -7.43486911e+00      6.24663881e+00      1.13056391e+01
      6.51904689e+00      1.92531525e+00      1.08637313e+01
      1.81887054e+01      2.29585401e-01      8.36301705e+00
     -3.28739161e+00      1.26443664e+01      9.16566629e+00
     -1.33026042e+01     -7.65347918e+00     -1.48275280e+01
      5.19208722e-01      1.17136952e+01      5.96256818e+00
      8.01825312e+00     -7.86135077e+00      1.18630757e+00
     -9.87885465e+00      1.49949081e+00     -4.16802111e+00
      4.40584435e+01      2.10327026e+01     -4.69727804e+01
     -2.49549672e+01     -1.35681098e+01     -8.64372099e+00
     -2.41041708e+01     -9.05508067e+00      5.95547314e+01
     -2.04014935e+01     -3.08606656e+00      3.49741963e+01
      1.03140844e+01      5.03916098e+00     -5.36540526e+00
      5.50922039e+00     -6.09337598e+00     -2.47508518e+01
     -1.60985409e+01      4.04495383e+01     -2.48008757e+01
      1.37031766e+01     -4.34441839e+01      1.05517473e+01
     -5.21502329e+00      3.46350245e+00      1.57895088e+01
      1.74837837e+01      2.45263261e+01      2.32722132e+00
      8.12211991e+00     -8.62532186e+00      1.02947907e-01
     -1.96487966e+01     -2.10658030e+01     -3.83673752e+00
      3.59145062e+01     -3.45030759e+00     -2.46493476e+01
     -3.27246508e+01     -4.51341383e-02      1.20392750e+01
     -7.64565030e+00      3.71303702e+00      1.32136511e+01
      1.06848987e+01      2.65705024e+01     -2.74210076e+01
      1.16637265e+00     -9.37513992e+00     -4.10159642e+00
     -2.78572588e+00     -1.46534913e+01      2.46369582e+01
     -6.15312783e+00      1.53664728e+01      1.50072131e+01
     -6.74443819e+00      7.15999625e+00     -1.54688050e+01
      1.23964571e+01     -1.86996005e+01      7.19120400e+00
      2.95061707e+01     -3.62883760e+01     -1.26993350e+01
     -2.27466634e+01      3.10903060e+01      1.81053289e+01
     -1.32598248e+01      1.07232788e+01     -1.41720257e+01
      2.27564860e+01     -2.20792630e+01     -1.79970103e+01
     -1.46738635e+01      1.91019674e+01      6.88694949e+00
     -4.83758904e+00      3.55684546e+00      2.82193734e+00
     -3.14840524e+01     -9.38131780e+00      2.18286632e+00
      2.84246623e-01     -2.22926107e+00      6.87381841e+00
      2.66342403e+01      1.34608080e+01     -7.46258564e+00
     -1.77240649e+01     -8.26265884e+01      1.39975888e+00
      4.48209504e+01      6.98975574e+01      4.34371111e+00
     -1.48019451e+01      3.46906275e+00     -2.72113909e+00
      1.84284735e+01      3.25654088e+01     -5.17936187e+00
      9.14250433e+00     -2.16004796e+01      2.56636088e+01
     -2.66435884e+01     -8.03268797e+00     -1.53072818e+01
      2.67895841e+00     -2.45641131e+01      4.57088323e+00
     -1.24282492e+00      1.31115774e+00     -4.43306880e+00
     -7.75040056e+00      1.98639910e+01      8.92471790e-01
      9.03915977e-01     -1.71205769e+01      3.87491357e-01
      3.05665135e-01      4.02577793e+00     -2.41884399e+00
      5.17101287e-02      8.94117453e+00      1.06941178e+01
      1.82308596e+01      2.86971126e+01     -6.63942943e+00
     -1.61736159e+01     -7.29365400e+00     -9.44728146e+00
     -1.10769560e+00     -1.00108643e+01      5.42584840e+00
      1.82532572e+01     -1.23869263e+01     -1.17983086e+01
     -1.59954151e+01      3.32285661e+01      7.14037917e+00
     -9.49106619e+00     -1.47666891e+01      4.01187871e+00
     -7.24065546e+00      1.73112475e+01     -4.88647458e+00
      1.23882074e+01     -5.76807956e+00     -3.94602145e+00
      2.57293472e+00     -1.44776270e+01      8.34065806e+00
      4.71831389e+00     -9.62069031e+00     -3.31886423e+01
     -4.46449452e+00     -4.01370994e+00      2.81445516e+01
      2.59484273e+00      1.84912616e+01      8.25977240e+00
      1.17049773e+01     -4.10142123e-01      2.28205396e+01
     -9.32169316e+00      9.55210379e+00     -1.87456205e+01
     -1.81130889e+01     -2.43489329e+00     -2.45659977e+00
     -2.99237558e+01     -1.19530188e+00      2.95700904e+01
      3.43442039e+01     -2.02947798e+00     -2.97589896e+01
     -9.56483029e+00     -9.58033815e+00      4.86084418e+00
      1.29839285e+01      4.35718066e+00      7.25160953e+00
     -2.55267118e+01      1.29340175e+01     -1.31100660e+01
      8.58831655e+00     -1.95799943e+01      3.07560280e+00
     -2.40663197e+01      2.47192158e-01     -1.79464268e+00
      1.13168256e+01      6.37449484e+00      6.47789007e+00
      1.47456000e+01     -6.02149496e+00     -3.98883966e+00
      1.25591821e+01     -2.60397735e+01     -3.89714186e+01
     -1.61980481e+01      2.85845159e+01      3.75923455e+01
      2.13308153e+00      2.79741970e+00      1.51007076e+01
      5.84157816e+00     -3.61271639e-01     -2.47579210e+00
     -4.63263012e+00      1.60800135e+00      5.04398198e+00
     -3.60588761e+00     -4.15662902e+00     -8.06197519e-01
      5.94074369e+01     -3.67746519e+01      8.09807978e+00
     -9.76142946e+00      3.58370536e+01     -2.48899748e+01
     -4.52553484e+01      9.67038109e+00      1.08131468e+01
      3.77526184e+01     -1.89159174e+01     -8.63036154e+01
     -3.85592198e+01      9.62718908e+00      9.57087047e+01
     -2.89256363e+00      9.53050866e+00     -6.52385619e+00
     -4.83059066e+01     -2.72075558e+01     -1.89979851e+01
      1.10758891e+01      2.62718289e+01     -8.59895175e+00
      2.84072380e+01     -3.96635434e+00      2.05716423e+01
     -3.45607982e+01      4.14664975e+00     -4.92172383e+00
      2.48633717e+01     -2.10340229e+01      1.82966485e+00
     -4.34250975e-01      5.32187146e+00     -4.60663566e+00
     -7.47664523e+00      1.14293072e+01      1.34958518e+01
     -2.75524858e+00      8.51116721e+00      2.19239418e+00
      1.07686121e+01     -1.88395152e+01     -1.66656392e+01
     -2.83757692e+00     -4.06515100e+01     -3.49011935e+01
     -8.97138522e+00      2.45674394e+01      2.67697629e+01
      9.80207906e+00      1.24196987e+01      8.31942673e+00
      1.36204270e+01     -2.60960514e+00      1.03426097e+01
     -2.27743413e+01      1.22761485e+01      5.05181556e+00
      8.22062167e+00     -1.09034141e+01     -1.37769301e+01
      4.92063689e+01      5.87385538e+00      2.83351866e+01
     -2.07862959e+01     -2.62125414e+00      2.66666457e+01
     -3.52811380e+01      3.97439636e+00     -5.14350250e+01
      2.75666267e+01     -1.65301894e+01     -1.40576732e+00
     -5.60438969e+00      7.80594353e+00      1.13517707e+01
     -2.19690536e+01      9.55823672e+00     -6.90240115e+00
     -2.51019851e+01      1.11682036e+01      2.82268423e+01
      1.62898104e+01     -1.32852126e+01     -1.82852303e+01
      3.04564634e-02      7.72191630e+00     -1.00554644e+00
      3.16304737e+01      5.04467072e+01     -3.58393793e+00
     -3.40737475e+01     -3.28429087e+01      1.68542303e+01
     -1.04234290e+00     -9.03490781e+00     -1.93790362e+01
      1.58957832e+01      1.21693732e+01     -2.09972798e+01
     -9.97992594e+00     -1.58915254e+01      2.44447727e+01
     -8.92371930e+00      1.83869992e+00     -3.77086864e+00
     -2.45623512e+01     -2.91972191e+01     -2.31576459e+01
      1.54481932e+01      3.17302270e+01      1.03963048e+01
      7.20489524e+00     -2.94964649e+00      7.94445230e+00
     -1.65511681e-01     -1.30769234e+00      1.95261553e+01
     -3.14599460e+00      1.21617942e+01      6.35973521e+00
      8.74170834e-01     -5.30338487e+00     -2.31375990e+01
      4.33289275e+00      9.76178066e+00      9.75475339e+00
     -3.86831726e+00     -1.61358213e-01     -1.51093413e+00
      1.52588578e+00      1.51732098e+00     -3.65877732e+00
     -8.15358216e+00      3.96676349e+01     -2.97256316e+00
      7.68166412e+00     -1.90495996e+01      2.04982750e+01
     -2.85934415e+00     -2.38227794e+01     -1.87827919e+01
      3.23843095e+01      2.11164595e+00      3.75574637e+01
     -4.92700642e+01      9.38811302e+00     -1.11282639e+00
      1.85607384e+01     -2.17457756e+00     -2.72327792e+01
     -2.72570397e+01     -2.79577229e+01     -8.88715715e+00
     -1.61277913e-02      1.17452017e+01      1.15058730e+01
      2.79506725e+01      1.61849281e+01     -3.24652571e+00
     -8.37115753e-01      3.58088018e+01      1.63787946e+01
      1.61391079e+01     -9.39790093e+00     -4.68137923e+00
     -2.02897354e+01     -3.79891908e+01     -1.60773484e+01
      1.69555780e+01     -8.04426336e+00     -2.94904291e+01
     -5.94129021e+00      1.20460130e+01      1.68962884e+01
     -1.82633628e+01     -9.23062277e+00      9.70976692e+00
      1.84552144e+01     -1.57011468e+01      5.08003695e+01
     -1.94522590e+01      1.52323714e+01     -5.24627426e+01
     -3.95302635e+00      3.16995954e+00      6.96585867e+00
     -6.95211990e+00      2.98692050e+00      9.71681196e+00
      6.17575400e+00      5.52937280e+00      1.16109090e+01
      7.28707432e-01     -4.44094851e+00     -1.76959415e+01
      9.19408125e+00     -7.01633585e+00      7.29714110e+00
      6.39970820e+00     -2.87057983e+00      2.69811673e+00
     -1.93030836e+01      1.07431737e+01     -1.23524869e+01
     -3.28470259e+01     -2.59248760e+01     -2.84853855e+01
      1.95618633e+01     -5.30697993e+00     -2.35652117e+00
      1.47286744e+01      2.80470197e+01      3.08718614e+01
     -3.60108838e+01      2.79368290e+01     -8.02462444e+00
      4.30741548e+01     -4.13508252e+01      1.83322498e+01
     -6.36506762e+00      1.21170095e+01     -8.02987506e+00
      1.97725714e+01      1.20354478e+01     -5.52999038e+00
     -2.81040252e+01     -1.25304668e+01     -1.80698083e+00
      1.38667321e+01      1.59275058e+01      4.72829980e+00
     -4.66564198e+01     -2.04462506e+01      1.50829818e+01
     -3.88267628e+00      8.12370718e-01      6.28498427e+00
      4.90121352e+01      4.28330364e+00     -1.75385414e+01
     -2.77775910e+01      2.57865469e+01     -1.53398801e+01
      2.45870733e+00      1.21316457e+00     -7.57819656e+00
      1.29624146e+01     -6.11036922e+00      4.40079119e-01
      2.46275872e+01      4.88303577e+01      5.81126142e+01
     -7.62679225e+00     -4.41081206e+01     -3.45799288e+01
     -1.53684901e+01     -5.54730031e+00     -1.20371024e+01
      3.99180608e+01      2.27236359e+00     -1.35693775e+01
     -3.60790790e+01      2.50429297e+00      1.76980648e+01
     -1.98205545e+00     -7.29453784e+00      1.32391087e+00
      3.44013628e+01     -4.50012534e+01     -1.27390729e+01
     -1.50515737e+01     -1.45252822e-01      2.76171860e+00
     -2.65896264e+01      4.15208946e+01      1.33945995e+01
     -1.83792948e+01     -4.28488220e+00     -4.60160534e+01
      2.04302164e+00     -2.44175607e+00      3.55081362e+01
      2.23027631e+01     -2.05238125e+00      8.58706837e+00
      1.82966217e+01     -1.44486185e+00      2.05403761e+01
     -2.99948922e+01      3.13417268e+00     -2.22440901e+01
      4.95785916e+00      1.86093404e+00      1.89114233e+00
     -2.92995393e+01      2.69862610e+01      3.33318621e+01
      4.08583512e+01     -1.68547741e+01     -4.21618258e+01
     -1.39784210e+01     -1.22648696e+01      1.04102070e+01
     -5.84217044e+01      5.59052550e+01     -1.16974179e+01
      2.62352157e+01     -1.56682833e+01     -2.48205234e+01
      3.36694983e+01     -4.11532963e+01      3.81016480e+01
     -2.13120776e+01     -5.00080461e+01      1.47241769e+01
      1.48471152e+00      5.32279532e+00      4.00983931e+00
      1.87829797e+01      5.77328612e+01     -1.38133825e+01
     -9.31900458e+00      1.44629428e+01     -2.86417975e+01
      1.25225808e+01     -1.41396326e+01      2.04474160e+01
     -1.28467898e+00      2.00146956e+00      2.61181818e+00
     -7.34007159e+00     -1.33766967e+01      2.59957069e+00
      6.21352314e+00      1.62132539e+01      6.16738978e+00
      3.77489859e+00      4.77830779e+00     -1.05302280e+01
      9.71026304e+00      4.66701477e+00      8.41012644e+00
     -1.09590581e+00     -1.37483330e-01      1.55949232e+01
     -3.65294277e+00     -1.24013075e+01     -2.66279556e+01
     -2.55397170e+01      1.10284287e+01      1.45136491e+01
      8.53522687e-01      5.33809653e+00     -1.88336668e+01
      2.56434472e+01     -1.50832871e+01      1.19205997e+00
      2.99294751e+01     -3.69494118e+01      2.03928573e+01
     -1.17316241e+01      3.02778609e+01     -2.89435682e+01
     -1.84449942e+01      8.04336093e+00      9.20647528e+00
      2.25394364e+01      3.82456076e+01     -1.67746773e+01
     -3.33357231e+00     -1.11727488e+01     -5.69064789e-01
     -2.32672867e+01     -2.84313688e+01      2.10859389e+01
      5.28683490e+01     -1.63170390e+01     -1.27852058e+01
     -1.46892949e+01     -1.39851570e+00     -2.01576417e+01
     -3.21662622e+01      2.05857888e+01      3.64209133e+01
      1.03535712e+01      1.16184395e+01      6.73572916e+00
     -2.21632588e+00     -1.29752571e+01     -1.65456647e+01
     -3.53724088e+00     -4.60605452e-01      8.22785090e+00
     -3.03848737e+01     -9.53507547e+00     -1.18611035e+00
      1.82768080e+00     -3.16570488e+00     -3.78227619e+00
      2.39783461e+01      1.35596264e+01      6.82837906e+00
     -2.54270843e+00     -7.79361567e-01     -3.36433718e+01
     -5.52024771e-01     -2.06151309e+00      1.09739388e+01
      7.60244945e-01      3.60223797e+00      1.39431254e+01
      3.10116119e+01     -2.86747825e+01     -2.26512815e-01
      5.04697585e+00      1.75059979e+01      1.57295105e+01
     -3.32746525e+01      1.21765842e+01     -1.29466670e+01
      1.74003292e+01      2.21235017e+01      2.96276040e+00
     -2.63873575e+01     -2.20304925e+01     -6.53577600e+00
      5.03692868e-01     -8.78860154e+00      1.51951636e+00
     -3.78375014e+01      6.07115404e+00      9.80280528e+00
      3.31808080e+01      4.27223105e+00     -9.30132079e+00
      8.45796755e-01     -6.27738612e+00      4.89451216e+00
      9.35808747e-01     -8.64796339e-02      1.56663329e+00
     -1.28725628e+01      1.12542247e+01     -2.48726225e-01
      6.03175489e+00     -4.70522748e+00      7.41133463e-01
      1.86380168e+00      6.84305188e+00     -2.64147036e+01
      1.03369041e+01     -2.12890032e+00      4.25289038e-01
     -3.88148041e+00     -1.05346335e+01      1.60305583e+01
     -7.05312423e-01     -5.82324548e+00     -2.91032851e+01
     -4.86741218e+00      1.28966575e+01      2.59190675e+01
      4.07154969e+00     -7.35932370e+00      3.64823778e+00
     -9.07993791e+00     -4.87171274e+00      1.97607063e+01
      7.33077097e+00     -3.19280748e+00      1.57370040e+00
     -2.59876866e+00      1.00502342e+01     -9.01112946e+00
     -3.45523473e+00     -1.90749424e+01     -6.32738145e+01
     -2.97424762e+00      3.23687740e+01      5.00680630e+01
      5.72059565e+00     -4.69071299e+00      4.35674658e+00
      3.94707928e+00      4.07604117e+00     -2.68082320e+00
      1.29994692e+00     -1.33349757e+01      1.81531858e+00
     -5.49207115e+00      5.59705879e+00     -3.11168185e+00
      1.57657587e+01      3.50774014e+00     -1.85999927e+01
     -1.52649741e+01     -3.18037145e+00      9.08846342e+00
     -4.20118114e+00     -4.65834085e-01      1.16984410e+01
     -3.92310408e+01     -1.53123717e+00     -3.03775380e+01
      1.67646426e+01     -2.46327382e+01      1.61666861e+01
      1.96038569e+01      2.00095891e+01      1.44910530e+01
      2.09559372e+01     -2.29834129e+01     -1.74063518e+01
     -2.69259936e+01     -1.59960894e+01      1.65052653e+01
      3.42428056e+00      3.80522189e+01      2.72120527e+00
     -2.36095682e+01     -1.63132323e+01      2.59512897e+01
     -1.37801344e+00      9.28778596e+00     -2.74180519e+01
      1.76255536e+01      7.17597242e-01      4.68052778e+00
      3.63435695e+01     -5.72971211e+00      2.19231115e+01
     -1.46661767e+01      2.31219999e+00     -2.08193392e+01
     -1.79114700e+01      3.83474934e+00     -3.07293701e+00
      1.37911962e+01     -2.10604232e+01     -1.03383617e+01
     -2.22721316e+00      9.79576616e+00      1.65785803e+01
     -6.43651742e+00      6.93030493e+00      3.15834326e+00
     -2.72327405e+01      2.85488116e+01      1.06577058e+01
      3.67348632e+01     -1.44987208e+00     -7.67493700e+00
     -7.51618837e+00     -2.27613871e+01      3.56481393e+00
     -1.63847735e+01      1.05965026e+01      2.51660488e+01
      2.39108883e+01     -1.18868882e+01     -9.27022496e+00
      4.98268536e-01      2.82845478e+00     -1.81065966e+01
      1.23973132e+01      5.02955526e+00      1.90483265e+01
     -4.76984497e+00      5.12274800e+00     -2.40770243e+01
     -5.71071882e+00     -4.86316890e+00     -1.92745382e+00
      8.79781739e+00     -8.66856189e+00     -2.76868670e+00
     -1.22172626e+01      4.15685136e+00      1.18861099e+01
      5.72877709e+00     -4.83853187e-01     -3.88198437e+00
     -2.02049076e+01      6.74236108e+00     -2.32877282e+01
      1.71132005e+01     -1.50905473e+01      1.27331833e+01
      3.14125445e+00      1.34112511e+01      9.56229089e+00
     -1.35468838e+01      2.65952591e+01     -5.08095247e-02
      9.50487180e-01     -1.27865691e+01      1.17334586e+01
      8.02319727e+00     -1.29177729e+01     -1.29499514e+01
      1.74093087e+01     -1.48615344e+01      9.57914139e+00
     -1.73250292e+01      2.18054144e+01     -7.09896809e+00
     -7.77074392e-01     -1.55930895e+00     -4.16796291e+00
      4.35114153e+01      1.83237066e+00      2.75968332e+01
     -1.26662395e+01     -1.23220752e+01     -3.84986905e+01
     -2.29026973e+01      6.40419589e+00      3.67258758e+00
      3.50393303e+01     -9.10485196e-01      2.34248758e+01
     -2.66164541e+01      2.63783386e+00      1.44986329e-01
     -9.92522369e+00     -1.50388542e+00     -2.60243759e+01
     -2.20131820e+01      3.66734847e+01     -3.02962331e+01
      1.98013316e+01     -2.64969461e+01      2.39376051e+01
      3.92891380e+00     -9.65805727e+00      6.38376649e+00
     -3.41537745e+01      3.10745130e+01     -7.59162176e+01
      3.41570292e-01     -7.38194555e+00      2.97636472e+00
      3.55012884e+01     -2.35566503e+01      7.44814918e+01
     -2.25064026e+01      3.13013068e+00     -1.93979303e+00
     -7.36901510e+00     -1.63033878e+01     -4.81396091e+00
      2.72884599e+01      1.32183873e+01      3.37366511e+00
      4.63441076e+00      1.13323692e+01      6.82364048e+00
     -1.71558781e+01     -1.39690037e+01     -2.03937573e+01
      1.48635312e+01      3.58717144e-01      1.66034015e+01
     -7.45448085e+00     -1.04752407e+00      5.87574777e+00
     -2.29264588e+01     -2.67141403e+01     -7.18068485e+00
      1.03885540e+01      2.12279084e+01     -6.77560744e-01
     -4.28597511e+00      1.06315005e+01      1.78080733e+01
      5.27194456e+00     -1.51470749e+01     -1.96947338e+01
     -1.86973072e+00      1.54900471e+01      1.52429009e+00
      1.21254399e+01     -1.06696819e+01     -4.43841035e+00
     -6.91141170e+00      8.86865377e-01     -7.73875119e+00
     -5.34729989e+00      1.11765797e+01      3.30635274e+00
     -1.32351516e+01      7.33522887e+00     -2.29193049e+01
     -3.44858356e+00     -3.15741979e+00      5.33778235e+00
      1.34023858e+01     -2.89415934e+00      2.65117408e+01
      5.43395535e+00      3.44532779e+01      9.22164246e+00
     -8.44823850e+00     -8.81127764e+00     -2.27676244e+00
      3.91789049e+00     -1.85911747e+01     -1.21277254e+01
      3.49993705e-01      3.03483272e+01     -4.84639966e+01
      1.20912531e+01     -3.32830139e+01      1.28502069e+01
     -8.14384873e+00      5.64247615e+00      3.84442812e+01
      2.71818693e+00     -8.85517766e+00      3.54443686e-01
     -1.27361815e+00     -6.57505929e-01     -7.17747109e+00
      6.42204633e-02      1.10097772e+01      9.11848289e+00
      2.10859389e+01      4.30399905e+00      1.45793999e+01
      7.47562313e+00     -5.78188053e+00     -5.34019298e-01
     -3.28581872e+01     -1.84183007e+00     -1.31046012e+01
      1.46092978e+01      2.20857434e+01     -4.77940492e+00
     -6.73830639e+00     -2.26088191e+01      5.31290906e+00
     -6.85601764e+00     -6.18313079e+00      1.03349897e+01
      3.48721288e+00      3.66041984e+00      1.23707873e+01
      4.82492100e+00     -9.90656114e+00     -3.27761702e+01
     -6.42206277e+00      1.03817871e+01      1.53440071e+01
     -1.08023828e+01     -2.02051805e+01      8.01156472e+00
      1.29603437e+01      1.01301475e+01     -1.57741081e+01
      1.39695144e+00      9.06132093e+00      1.97500676e+00
      4.11161855e+01     -3.32128528e+01      2.60187556e+01
      7.08070485e+00      1.04648136e+01     -5.95784915e-01
     -4.69466910e+01      2.01805913e+01     -2.64907582e+01
      1.77681884e+01      2.22531955e+01     -4.45805255e+01
     -1.65156254e+01     -2.15133166e+01      1.66178873e+01
      3.96913112e+00      8.64714365e+00      2.79164442e+01
      7.44049956e+00      5.23918804e+00      1.71623644e+01
     -5.55944446e+00     -1.70404581e+00      3.39318599e+00
     -6.39875687e+00     -3.42359133e+00     -2.41851923e+01
      6.25168475e+00     -3.49733382e+00      4.55875316e+00
      6.27864184e+00     -1.00765846e+01      8.02114657e+00
     -1.86831722e+01      7.09155182e+00     -5.39565288e+00
      1.96026026e+01     -1.38545980e+01      3.27038952e+01
     -1.72330919e+01      3.64130603e+00     -2.73719229e+01
     -3.11118589e+00      7.88456045e+00     -8.90778572e+00
     -1.53562441e+01     -2.63231002e+01      2.17801447e+01
      2.12159270e+01      1.94450566e+01     -1.67276888e+01
      1.21344475e+00      5.31024096e-01      1.87852783e+00
     -3.83864989e+01     -6.72668822e+00     -1.25411978e+01
     -4.08862118e+00     -7.71623553e-01     -2.21492394e-01
      4.02678648e+01      1.55805342e+01      1.59385854e+01
     -1.18284490e+01     -8.20043620e+00     -3.44869156e+01
     -3.57369357e+00      5.98788727e-01      7.17074230e+00
      1.53938381e+01      1.00831265e+01      2.46255542e+01
     -1.70734921e+00     -1.30666931e+01      1.69428458e+01
      5.16902442e+00      5.18156750e+00     -1.71927958e+00
     -7.62262933e+00      3.27361154e+00     -3.45331477e+00
      7.29891319e+00      2.92541845e+01      1.22163885e+01
     -5.15670945e+00     -8.64746137e+00     -1.62622899e+00
     -9.35833580e+00     -1.32457166e+01     -4.93210274e+00
     -1.67454190e+01      2.95101426e+01     -5.32216986e+00
      3.07675484e+01     -1.19849066e+01     -2.15829981e+00
     -9.46076042e+00     -2.09291046e+01     -5.26410767e+00
      3.67120996e+01      3.77444469e+00      1.47754446e+01
      7.01125712e-01     -2.91684674e+00      3.86790717e+00
     -2.56404176e+01      8.53275850e+00     -3.09558114e+01
     -2.31924085e+00      1.17508404e+01      9.93861711e-01
      2.15379248e+00     -6.01031170e+00     -2.01382159e-01
      2.85322734e+00     -1.46368885e+01     -4.70392114e+00
     -2.73232749e+01     -2.97180916e+00      1.60725331e+00
      1.67448872e+01     -1.07097233e+01      9.65606041e+00
      1.58921188e+01      1.23274204e+01     -7.64210419e+00
     -7.80754573e+00      1.54190429e+01     -3.65054303e+01
      6.83049608e+00     -1.81838349e+01      3.93050351e+01
      1.25373163e+01     -1.02336100e+00      1.23999141e+00
     -4.98251331e+01      2.53022199e+01      5.79906690e+00
      1.17884102e+00      1.80953448e-01      6.79991538e+00
      5.31917104e+01     -2.51119274e+01     -4.78888111e+00
     -2.39266772e+01     -6.16613521e+01     -9.84421299e+00
      3.02937389e+01      2.25467927e+01     -4.33686516e+00
     -6.44705794e+00      3.57946578e+01      1.26579795e+01
     -2.22175638e+01     -1.31897466e+01      2.80311447e+01
      2.01589288e+01     -5.22808072e+00      2.66636409e+00
      1.10298555e+00      1.32881395e+01     -2.02586620e+01
     -1.25218335e+01     -5.16423817e+01      5.15937016e+00
     -3.66049557e+00      3.19889648e+01     -1.61992164e+00
      2.47496785e+01      9.86000046e+00     -3.07204559e+00
