INITIAL CONFIGURATION                                                           
         2         1         1   1.0000000000000003E-10
   1.0000000000000000E+02   0.0000000000000000E+00   0.0000000000000000E+00
   0.0000000000000000E+00   1.0000000000000000E+02   0.0000000000000000E+00
   0.0000000000000000E+00   0.0000000000000000E+00   1.0000000000000000E+02
nc               1
  -8.1297600000000037E-01  -1.4329720000000019E+00   1.1801379999999910E+00
  -2.8887312369952512E-06  -2.0662729336337597E-05  -8.9226819701082499E-05
   8.4893913452198194E+03  -1.3370798253131108E+04  -8.8374989007283311E+03
nc               2
  -1.9122289999999982E+00  -2.4560050000000100E+00   2.7644279999999957E+00
   1.7133425551919146E-05  -9.6876687737964965E-05  -4.2165223716828795E-05
  -5.9313831049425244E+03  -2.2975428407354164E+04   1.1705079201122424E+04
cc               3
  -1.6434679999999766E+00  -1.2688099999999944E+00   2.2057480000000100E+00
   2.3354212092084486E-04   5.5586498240051484E-05   1.0284784180936581E-04
   7.3796586141600358E+02  -4.7922465817909260E+03   3.3977907869511483E+02
c                4
  -2.2083899999999921E+00  -3.8000000000455753E-05   2.7051419999999999E+00
   7.8574708837449088E-05  -4.5814540718001658E-06  -4.5783637509031061E-07
   8.5058922702458440E+03  -5.7520969636604859E+03  -1.0200372429591085E+04
cd               5
  -1.2396989999999992E+00  -3.4218939999999893E+00   2.0880120000000129E+00
   8.0525831222326056E-06   1.0473559177176922E-04   1.2786949211939761E-04
  -1.6941691117885224E+04   1.4078994424660150E+04   1.8454986317398205E+04
h4               6
  -1.2957619999999770E+00  -4.4648780000000157E+00   2.3489010000000143E+00
   2.3128370117420601E-04  -1.5594033284977482E-04   1.4134305629214634E-04
  -6.7313033711580488E+02  -1.4207375257464862E+03   1.3571691827617153E+03
hc               7
  -1.9046659999999860E+00   9.0874300000000441E-01   2.1523029999999590E+00
   1.4063466852697160E-04   4.4624613498595274E-05  -4.1008324041834593E-04
   1.1754946269178801E+02   1.6283084320421315E+03  -3.9160012785837580E+02
o                8
  -2.9444979999999981E+00   2.8369000000004259E-02   3.6462939999999944E+00
   1.8422379900111746E-05   4.2628488467169259E-05  -5.8619637724721639E-05
  -7.2206920287022213E+03   2.5148782142071254E+03   8.7846614822895117E+03
cd               9
  -5.5467299999999975E-01  -2.7757310000000088E+00   1.0996090000000136E+00
   2.4819295926366144E-06  -8.6602352833581764E-05   1.3641792245851786E-04
   8.2882190556350597E+03   2.8434410001852564E+04  -1.4676821870502157E+04
h4              10
   1.0477500000002955E-01  -3.1943140000000305E+00   3.5867899999998765E-01
   2.9570076818640552E-04  -3.0618631592494746E-04  -1.2409043167926258E-04
   1.0259828727729466E+03   1.6006751044305900E+03  -2.3296542856344886E+03
hn              11
  -4.7113843000000649E-01  -6.7416454999998388E-01   6.0543086999994344E-01
  -6.4677228615131916E-05   1.6098886447270819E-04  -5.6521591219789403E-04
   3.6018957206643017E+03   5.4041554490608902E+01  -4.2057276479525444E+03
