INITIAL CONFIGURATION                                                           
 ENERGY UNITS = kcal/mol 
         1  1.000000E-10        44
  1.603912E+01  0.000000E+00  1.603912E+01 -2.957548E-01 -1.087706E+00
  5.482052E+00  1.193073E+01  9.797326E-03  0.000000E+00  3.751209E+01
  0.000000E+00 -6.441892E+01  1.145372E+00  1.087706E+00 -6.665199E+01
  0.000000E+00  0.000000E+00  0.000000E+00  1.000000E+06  0.000000E+00
  0.000000E+00  0.000000E+00  9.000000E+01  9.000000E+01  9.000000E+01
  0.000000E+00  1.472369E-03  1.080133E-28  6.954008E-29  1.370544E-28
  3.057246E-28  1.909678E-27  4.026889E-27  1.834241E-28  1.239739E-27
  3.469154E-03  5.512095E-03 -5.426115E-03  5.512095E-03 -6.996078E-03
 -5.705720E-03 -5.426115E-03 -5.705720E-03  7.944031E-03
